3.219030846769202370e+00 3.344483137130737305e+00
3.436674710228450280e+00 2.955088615417480469e+00
4.180740031310199889e+00 3.473088741302490234e+00
4.543577199029702030e+00 2.668983697891235352e+00
2.345800265927474371e+00 3.236973524093627930e+00
4.867654948457070141e+00 3.872855663299560547e+00
7.513132570368394880e+00 4.505191802978515625e+00
3.607858569176085162e+00 3.049520015716552734e+00
4.334262674178948060e+00 3.561475038528442383e+00
2.970296628847067577e+00 2.683887243270874023e+00
2.996830071850907551e+00 3.628391265869140625e+00
2.244976047865618884e+00 3.384274244308471680e+00
4.832335869357982538e+00 4.382096290588378906e+00
3.182257110538807332e+00 3.654132127761840820e+00
5.462051731764755225e+00 5.144651412963867188e+00
3.414745830439810170e+00 3.501867294311523438e+00
3.795712315584530039e+00 4.353796958923339844e+00
1.027598806816003751e+01 5.379178047180175781e+00
3.120469037331919715e+00 2.404593706130981445e+00
4.157474173212762025e+00 3.856790542602539062e+00
6.046978166095357210e+00 4.860142707824707031e+00
1.787302622288637455e+00 3.004755020141601562e+00
4.462487036802669671e+00 3.149740695953369141e+00
1.959092353022498401e+00 1.247469544410705566e+00
2.455006347342402417e+00 2.402580738067626953e+00
3.073443334644855085e+00 3.154302597045898438e+00
1.188031593885054082e+00 1.941518783569335938e+00
3.603651988674442475e+00 1.105106115341186523e+00
4.904365860260660348e+00 2.055086374282836914e+00
3.891625873139752390e+00 2.572395324707031250e+00
3.018826882807875034e+00 3.100780725479125977e+00
3.601089934940692405e+00 2.897101163864135742e+00
3.521523905199575033e+00 2.524508476257324219e+00
3.463892170928987824e+00 3.816072702407836914e+00
4.441272534466270017e+00 2.055730819702148438e+00
5.175578128590137439e+00 4.488531112670898438e+00
5.388247477959692056e+00 4.049673080444335938e+00
2.437280117779902611e+00 2.131967782974243164e+00
4.387606844464782441e+00 3.603636264801025391e+00
4.042910768258740184e+00 3.276575088500976562e+00
5.058496319411502462e+00 4.376080036163330078e+00
4.498220328705049731e+00 2.963372468948364258e+00
4.834326477179442527e+00 3.343391895294189453e+00
4.172916882806812389e+00 1.898874163627624512e+00
5.053432386293627232e+00 3.881455898284912109e+00
5.422848715975774780e+00 3.805422306060791016e+00
2.168475401517220291e+00 2.251992940902709961e+00
3.096705123901002388e+00 3.436767101287841797e+00
5.064333779888387177e+00 5.047761440277099609e+00
3.208655280767795048e+00 1.964875936508178711e+00
3.576942487521634906e+00 2.766718149185180664e+00
5.118417208878161873e+00 3.604245901107788086e+00
3.492754588623444789e+00 4.138569831848144531e+00
2.395818243787157353e+00 4.408530712127685547e+00
2.547383009498109807e+00 4.310266971588134766e+00
1.812185398048022478e+00 2.452161550521850586e+00
2.854054279345264789e+00 3.105855226516723633e+00
4.588249705327617889e+00 2.766731500625610352e+00
4.238155771627072355e+00 3.018885612487792969e+00
3.142970069417220014e+00 4.527919292449951172e+00
5.883942391359069823e+00 4.394232273101806641e+00
3.083727596781052238e+00 2.495817184448242188e+00
4.574475568525150138e+00 3.034477472305297852e+00
3.556675845413439951e+00 2.605094909667968750e+00
2.966231227270250237e+00 2.209276199340820312e+00
3.917801819259325136e+00 3.353761911392211914e+00
3.604297296672672513e+00 3.637684583663940430e+00
5.059392665614842244e+00 4.401323318481445312e+00
2.505437043672524844e+00 3.181143283843994141e+00
4.644374949488224935e+00 3.805807352066040039e+00
3.328508929645872527e+00 2.842034816741943359e+00
4.450281934816009866e+00 2.761768579483032227e+00
3.334069890615912524e+00 2.645007133483886719e+00
2.932105074630479979e+00 2.396442174911499023e+00
3.402434840810454997e+00 3.939805746078491211e+00
4.670993391615654744e+00 4.746700763702392578e+00
4.813830856598005248e+00 4.784280776977539062e+00
2.901299832835344983e+00 3.223248481750488281e+00
3.792817488450344943e+00 2.781137228012084961e+00
7.355776048799724798e+00 5.011250019073486328e+00
3.132346133403917765e+00 2.721398591995239258e+00
2.594658278406617669e+00 3.323611974716186523e+00
4.259169765208369540e+00 1.877780079841613770e+00
2.594746104793939967e+00 2.707561731338500977e+00
5.420141596244092419e+00 5.024916172027587891e+00
2.833383529490192565e+00 2.574774742126464844e+00
5.954938728676762771e+00 4.905866622924804688e+00
3.332965031012772528e+00 2.948172092437744141e+00
2.949232993413782644e+00 3.015128612518310547e+00
2.985346612833542412e+00 2.591607809066772461e+00
2.656536669589775190e+00 2.689357757568359375e+00
2.258941849629892751e+00 2.202987432479858398e+00
4.421875798185181949e+00 2.410344600677490234e+00
5.396308842649695237e+00 4.081526279449462891e+00
4.975605912225392835e+00 3.551544904708862305e+00
3.987288529779054791e+00 3.654047250747680664e+00
3.387666064500820085e+00 3.418002128601074219e+00
3.468574866556049852e+00 3.126288414001464844e+00
4.696713765283559994e+00 3.948207855224609375e+00
3.588902638629804631e+00 3.617692708969116211e+00
3.125218369719372724e+00 2.299471378326416016e+00
3.029023947151944895e+00 3.938791990280151367e+00
2.909000844784772610e+00 2.602476596832275391e+00
1.112845546579556810e+01 5.355029582977294922e+00
5.577252388251767279e+00 4.825964450836181641e+00
3.767435066739772243e+00 3.702287673950195312e+00
2.803132131412190198e+00 2.713212013244628906e+00
3.604527178315985125e+00 3.742007970809936523e+00
6.047848488270692435e+00 4.220047950744628906e+00
4.333408445899767258e+00 2.021583080291748047e+00
9.047340150468439646e+00 5.206123352050781250e+00
6.271832302009705096e+00 5.620873451232910156e+00
3.499584736061492229e+00 2.770537614822387695e+00
3.619456751115827764e+00 3.378708124160766602e+00
2.335710302523737347e+00 3.338379859924316406e-01
1.503007087037637524e+00 1.211786270141601562e+00
3.691190849751204706e+00 3.140929222106933594e+00
1.612769722216037538e+00 2.039982318878173828e+00
4.165601208854754489e+00 2.594277858734130859e+00
3.400376228059347472e+00 2.855308771133422852e+00
9.622481125080604158e+00 5.353714942932128906e+00
3.848411547899002638e+00 4.141145229339599609e+00
4.019330275939015706e+00 2.034000158309936523e+00
3.322026886625949693e+00 3.220807552337646484e+00
4.753840957021267855e+00 3.242429256439208984e+00
4.275036453343827425e+00 4.130657672882080078e+00
4.396909055778834841e+00 3.629102945327758789e+00
3.195947767332850020e+00 2.544677257537841797e+00
3.720596446558257497e+00 2.925009489059448242e+00
4.169387858190507501e+00 3.336623668670654297e+00
4.468090853571617060e+00 2.643502712249755859e+00
3.056498513533715045e+00 3.784933090209960938e+00
1.673812066382247554e+00 2.249387741088867188e+00
4.169937081040492544e+00 4.764590263366699219e+00
6.114149410050487177e+00 4.138575553894042969e+00
3.690175936685147207e+00 4.657420158386230469e+00
3.646582688349440105e+00 2.880592823028564453e+00
3.143535490637922702e+00 4.684854984283447266e+00
8.351442206493418396e+00 4.987260341644287109e+00
3.215752781488782741e+00 2.456098794937133789e+00
3.927421988878527337e+00 2.766332149505615234e+00
5.258722140199137307e+00 4.129487991333007812e+00
2.266207157955262730e+00 3.093297004699707031e+00
4.086009816610922663e+00 3.369727611541748047e+00
4.017417715383764687e+00 3.668605089187622070e+00
4.238708858519713019e+00 1.669947743415832520e+00
3.363836138010372068e+00 1.836667656898498535e+00
4.365495193890167158e+00 4.455900669097900391e+00
2.116304038364424933e+00 2.841804504394531250e+00
6.179216233927257385e+00 5.690901279449462891e+00
4.031331234482212977e+00 3.184893846511840820e+00
4.257950083884792569e+00 3.173067569732666016e+00
3.746903649160582717e+00 3.209677219390869141e+00
4.442263497476655054e+00 4.090378761291503906e+00
3.936900391236235031e+00 2.597679615020751953e+00
3.193745664826672659e+00 3.662514209747314453e+00
4.237884905401039681e+00 3.439923524856567383e+00
1.830877783531437597e+00 1.219951868057250977e+00
4.069709828084912218e+00 2.001445293426513672e+00
3.193164397964849854e+00 2.095607280731201172e+00
2.882067419102142480e+00 2.664578676223754883e+00
9.907055363113554947e+00 6.106670379638671875e+00
4.015453915777172256e+00 2.741343736648559570e+00
4.931609196563084829e+00 3.338637351989746094e+00
7.790451375601252337e+00 5.869687557220458984e+00
2.597083282611845068e+00 1.777681827545166016e+00
2.245511515259710045e+00 1.670806050300598145e+00
3.347022256672612439e+00 2.167554378509521484e+00
4.862778865957140262e+00 3.854955196380615234e+00
3.270260007790682710e+00 5.357280254364013672e+00
4.266138218268527460e+00 3.881349086761474609e+00
3.721090029574274816e+00 2.331632137298583984e+00
4.914107245624667719e+00 3.403508901596069336e+00
3.260811180990367486e+00 2.664726734161376953e+00
3.317383921639595279e+00 2.473771333694458008e+00
5.875569585943395623e+00 3.725892066955566406e+00
3.712406339228672358e+00 3.361889600753784180e+00
4.861900553476729669e+00 5.849209785461425781e+00
5.047292294056934914e+00 3.822543144226074219e+00
4.423078491312850247e+00 4.402608871459960938e+00
2.830906592165050029e+00 3.206627845764160156e+00
1.912647074323757579e+00 1.900824904441833496e+00
4.326824065222379723e+00 3.835227727890014648e+00
3.575293869820532322e+00 3.315915107727050781e+00
6.124831310320084654e+00 4.455704212188720703e+00
2.927019773753947618e+00 2.141659259796142578e+00
4.571829062582632552e+00 3.309406757354736328e+00
3.709845548696154793e+00 2.789967298507690430e+00
5.543343212729105574e+00 3.935977697372436523e+00
4.073835192686320106e+00 4.674623966217041016e+00
4.298990103173662369e+00 3.209873676300048828e+00
3.297884349814930172e+00 3.519473075866699219e+00
2.288494062221760217e+00 3.878847599029541016e+00
6.350188012439837770e+00 4.853979110717773438e+00
3.230678773340554866e+00 4.034425735473632812e+00
3.347088123369112544e+00 3.550347089767456055e+00
2.997980440491617493e+00 2.331177711486816406e+00
4.408492266816377736e+00 3.645011186599731445e+00
3.064826192109725067e+00 2.803717851638793945e+00
5.653974271996054846e+00 3.020746231079101562e+00
2.533605910600017275e+00 2.345448970794677734e+00
2.599721445862072322e+00 3.483719348907470703e+00
3.850597381251297691e+00 2.179371833801269531e+00
2.722380268564382533e+00 2.237465620040893555e+00
2.993529665084902369e+00 3.577166080474853516e+00
4.160105615492767583e+00 2.177141904830932617e+00
4.055046573131734888e+00 2.577710151672363281e+00
2.029351586475167224e+00 2.672340393066406250e+00
2.867295606625622550e+00 4.108133792877197266e+00
4.118088920393567776e+00 3.612160682678222656e+00
5.237398683415699807e+00 3.371608018875122070e+00
2.107752669484618924e+00 3.348675251007080078e+00
4.200999704662184975e+00 2.919321298599243164e+00
7.062295584290237294e+00 4.041544914245605469e+00
4.612519038403790184e+00 3.699877262115478516e+00
3.570640899185959949e+00 2.771057605743408203e+00
4.909468773059124658e+00 5.466819286346435547e+00
8.088276203173114354e+00 3.756999492645263672e+00
7.443455607176380440e+00 4.831975936889648438e+00
2.481290106063104961e+00 3.430469989776611328e+00
3.407163086137472430e+00 2.494198083877563477e+00
1.711709084313865148e+00 1.654970407485961914e+00
2.855492790650462354e+00 2.300989151000976562e+00
3.703508266378062519e+00 3.064415216445922852e+00
7.065301583500909643e+00 4.902272224426269531e+00
3.072997403937045569e+00 2.103853702545166016e+00
4.340062787720444959e+00 3.403457880020141602e+00
2.631464792433180211e+00 2.207943677902221680e+00
4.061422209492127067e+00 4.030972957611083984e+00
7.277614050499240150e+00 3.833750724792480469e+00
3.010178324036287378e+00 2.259252548217773438e+00
2.394453998550287288e+00 2.032459735870361328e+00
3.105039143612715158e+00 2.442910909652709961e+00
5.248412437643322548e+00 3.202806472778320312e+00
3.353152691328932455e+00 2.871867179870605469e+00
5.616481084688560443e+00 3.006118297576904297e+00
4.730918816907520252e+00 3.271134138107299805e+00
4.423123342431842353e+00 3.725512504577636719e+00
2.351478908478449537e+00 4.408393383026123047e+00
3.348144806735420254e+00 2.265179872512817383e+00
3.286044154372285142e+00 3.738851547241210938e+00
3.842568669194681874e+00 2.552938938140869141e+00
5.985518399184182492e+00 4.139569759368896484e+00
2.350010310166440242e+00 2.925389051437377930e+00
3.728879955073162389e+00 4.601078033447265625e+00
2.455609337282122606e+00 2.862713098526000977e+00
5.135857018867562296e+00 3.282388210296630859e+00
2.827924532663824930e+00 4.188490867614746094e+00
4.864491890260047136e+00 3.805686235427856445e+00
5.585700366297724706e+00 4.916337490081787109e+00
5.464895460030997576e+00 3.748126506805419922e+00
5.574518485875012530e+00 3.583459854125976562e+00
4.201269538086067179e+00 4.044334411621093750e+00
2.796636272697812675e+00 2.853982686996459961e+00
4.180818716432497695e+00 4.459906101226806641e+00
2.964700225775370068e+00 3.075031995773315430e+00
2.783223260123779852e+00 2.309886932373046875e+00
3.192907186956422727e+00 2.703957796096801758e+00
3.642718228047855167e+00 4.464306354522705078e+00
5.366381536703844546e+00 4.063237190246582031e+00
3.951968811993332054e+00 2.700139999389648438e+00
3.205950805748012833e+00 3.354301452636718750e+00
2.938993119467552706e+00 3.022348403930664062e+00
4.236947648244163034e+00 2.522999525070190430e+00
5.587073921617625061e+00 4.139373302459716797e+00
2.636969294664055052e+00 3.165238618850708008e+00
2.202394577888910021e+00 2.999390363693237305e+00
4.446801840052437171e+00 4.430788516998291016e+00
4.653636107059379690e+00 2.993616819381713867e+00
3.150451500609412481e+00 4.057072639465332031e+00
2.364200504471449804e+00 2.925581455230712891e+00
2.673865631101732365e+00 2.960591316223144531e+00
3.381152014987347521e+00 2.039603233337402344e+00
2.094973842383945239e+00 2.170804023742675781e+00
2.864546435641699862e+00 3.498671531677246094e+00
2.572648696663465184e+00 2.220658302307128906e+00
2.649883378544602319e+00 3.345727443695068359e+00
2.802739158726350155e+00 4.040224075317382812e+00
4.094328153053485408e+00 1.787162899971008301e+00
4.568535667784862753e+00 2.558289289474487305e+00
1.666879705706604931e+00 1.485058307647705078e+00
2.785924047365107459e+00 2.335405826568603516e+00
6.711082769849910257e+00 5.313037872314453125e+00
2.952660426544713168e+00 2.863254547119140625e+00
3.231451228818600363e+00 2.684625148773193359e+00
2.192930886267740576e+00 2.203433275222778320e+00
4.081764781195235336e+00 2.604145050048828125e+00
3.260118147077057493e+00 3.110589265823364258e+00
2.839914150433172413e+00 2.533461093902587891e+00
2.168908903684867440e+00 1.668011903762817383e+00
3.441228293646782177e+00 3.648705005645751953e+00
2.436298019105560098e+00 3.802561283111572266e+00
7.237492998184340109e+00 5.496802330017089844e+00
3.229929798068852609e+00 3.177941083908081055e+00
4.612077960705160073e+00 2.782523632049560547e+00
4.482752240029464375e+00 2.647806406021118164e+00
2.145027539189659826e+00 2.909583806991577148e+00
2.243807433559852349e+00 2.514201402664184570e+00
1.881611228752782417e+00 1.089510798454284668e+00
7.650409506257724424e+00 6.006621360778808594e+00
5.664523813436620259e+00 3.449298143386840820e+00
2.879844029154750018e+00 2.148097276687622070e+00
4.040163728748145111e+00 4.071288108825683594e+00
3.680394664080977485e+00 3.845713138580322266e+00
3.782090195412362466e+00 3.015475034713745117e+00
9.226521313256490942e+00 5.152270793914794922e+00
2.528508469373190071e+00 3.115436792373657227e+00
3.834155812183902334e+00 2.517237424850463867e+00
2.095788846733589672e+00 2.280967473983764648e+00
3.652946283995699872e+00 3.224178552627563477e+00
2.032463946098291174e+00 1.870638489723205566e+00
3.015397635967670187e+00 2.721972227096557617e+00
5.247049653327469976e+00 3.553875684738159180e+00
3.932883905862730067e+00 3.405853033065795898e+00
2.905129424848572839e+00 3.296302795410156250e+00
4.880938266700164618e+00 3.666786432266235352e+00
1.959114208756223219e+00 2.830862045288085938e+00
4.261360317019020627e+00 2.706271409988403320e+00
7.617897653865094654e+00 5.197251319885253906e+00
3.954467299712045136e+00 3.056436061859130859e+00
4.352165930915272263e+00 3.973564624786376953e+00
3.354627912071469709e+00 2.127464056015014648e+00
4.104951083739635465e+00 3.006694793701171875e+00
7.943665158423376838e+00 5.971842765808105469e+00
5.731035681110412838e+00 3.729236125946044922e+00
6.999176752875925445e+00 3.909559488296508789e+00
4.402840814218764720e+00 4.186116695404052734e+00
5.613222479236520179e+00 3.584515571594238281e+00
2.569823786984100078e+00 3.222610712051391602e+00
4.595626802933630017e+00 3.066291332244873047e+00
7.228386781188610222e+00 4.423473834991455078e+00
2.599714571937192353e+00 2.664396047592163086e+00
2.625134226526927517e+00 2.566676855087280273e+00
4.524222050626957703e+00 4.255858421325683594e+00
2.670008095268419979e+00 3.723299980163574219e+00
3.174410796792289879e+00 2.147040843963623047e+00
3.499546012694859876e+00 2.369945526123046875e+00
2.568816906314237869e+00 2.940459251403808594e+00
4.154100421665985365e+00 4.005393505096435547e+00
1.032683066756127843e+01 6.525050640106201172e+00
8.111466329239982898e+00 4.148522377014160156e+00
3.703467906943664900e+00 4.053810596466064453e+00
4.126727521428854573e+00 2.504340171813964844e+00
3.527590945105157694e+00 3.291853666305541992e+00
4.859830856296242452e+00 3.240039348602294922e+00
3.590726449629570105e+00 1.144764661788940430e+00
3.527793778824712234e+00 2.363418102264404297e+00
3.340861596534622446e+00 2.197215557098388672e+00
3.382480944825662306e+00 3.784052371978759766e+00
3.293344874261222355e+00 2.993666410446166992e+00
2.920343173772587342e+00 2.025684356689453125e+00
2.301310148898365160e+00 3.955183744430541992e+00
4.266292090257664427e+00 4.311649322509765625e+00
3.407120099930782686e+00 4.525465965270996094e+00
7.428104782105549475e+00 5.266074657440185547e+00
2.588826499448214857e+00 1.583696126937866211e+00
6.297414908731060024e+00 5.795286655426025391e+00
2.705634062075525037e+00 3.523778915405273438e+00
6.580613519021622615e+00 3.870712280273437500e+00
3.907741456012967518e+00 2.863586425781250000e+00
1.555266830493668762e+00 2.325914382934570312e+00
3.169280596634374891e+00 3.308183908462524414e+00
4.584133462779634627e+00 3.738633871078491211e+00
2.940293201998165351e+00 3.119402170181274414e+00
4.568554824772415479e+00 3.608919382095336914e+00
3.723362352807430220e+00 3.453778028488159180e+00
2.281653810442472174e+00 2.174974203109741211e+00
4.628641398448557709e+00 3.074455738067626953e+00
3.862728087042447633e+00 3.265833139419555664e+00
4.839829418284931961e+00 4.643851280212402344e+00
4.140996751672382459e+00 2.866053819656372070e+00
3.424279248197792391e+00 2.232628107070922852e+00
7.106321676519955055e+00 3.952569246292114258e+00
3.281128649135159669e+00 2.677435874938964844e+00
3.356535790310075207e+00 3.300108909606933594e+00
3.508217687442105159e+00 3.357617378234863281e+00
3.216224575814619957e+00 3.192133665084838867e+00
5.487947636422065401e+00 4.409419536590576172e+00
3.074766760361784979e+00 2.861800909042358398e+00
4.625259769471989912e+00 3.378362894058227539e+00
4.668455392120392844e+00 4.376640796661376953e+00
4.542265076174247795e+00 4.249663352966308594e+00
4.239431750637737473e+00 2.464400768280029297e+00
5.397173743329069850e+00 3.579768896102905273e+00
3.712283895341439877e+00 3.132802724838256836e+00
3.746002526621177608e+00 3.492511272430419922e+00
3.172479808614062424e+00 1.717478632926940918e+00
6.419727966672037489e+00 3.106584072113037109e+00
3.324120200968264882e+00 2.597526788711547852e+00
8.666795543081008191e+00 5.085041046142578125e+00
2.542357560060479749e+00 3.276285409927368164e+00
2.774761490602252412e+00 2.543742179870605469e+00
6.372602514711434907e+00 5.580380439758300781e+00
3.471352332650662564e+00 3.993053197860717773e+00
2.841948004370534964e+00 3.881682157516479492e+00
3.065364932712837387e+00 2.313282489776611328e+00
3.672407448041330014e+00 3.920908451080322266e+00
3.256377433208620165e+00 2.382407188415527344e+00
3.501930404585137602e+00 3.136530160903930664e+00
3.853169724609742275e+00 3.271774768829345703e+00
5.286918635963697710e+00 3.282096624374389648e+00
2.693472145233229753e+00 2.962880134582519531e+00
5.280896367585157236e+00 4.509022712707519531e+00
5.905124331479600031e+00 4.742480278015136719e+00
5.964664310161239769e+00 3.934725761413574219e+00
4.127555537163835275e+00 2.652915954589843750e+00
3.641797346469052510e+00 2.720984458923339844e+00
4.302661783485627112e+00 3.778661012649536133e+00
1.105540213791858406e+00 2.554759263992309570e+00
5.344456416530805498e+00 4.668890953063964844e+00
6.836804866807950631e+00 4.344364643096923828e+00
3.008348226583907437e+00 3.394402265548706055e+00
3.815588791015779968e+00 2.848248958587646484e+00
2.618137165392739885e+00 3.084478378295898438e+00
5.069428323194337338e+00 3.773575544357299805e+00
4.852315185508925488e+00 3.028463363647460938e+00
4.335918888650737379e+00 2.816288232803344727e+00
3.162271028612552382e+00 2.392708301544189453e+00
4.421644337745172848e+00 3.568353891372680664e+00
4.605587700478435131e+00 2.971026182174682617e+00
3.983720083393257561e+00 2.405438899993896484e+00
3.925994558465407458e+00 2.263495445251464844e+00
4.650939315381980244e+00 4.147264480590820312e+00
2.700819177573082541e+00 2.258093833923339844e+00
3.841079649426782705e+00 3.211374998092651367e+00
4.771028820009210136e+00 2.658249855041503906e+00
2.727125883627457448e+00 2.766467094421386719e+00
4.841163922886540405e+00 4.418082237243652344e+00
5.805680150903882897e+00 4.653570652008056641e+00
6.254723399571989972e+00 5.239998340606689453e+00
6.951101525756714139e+00 4.204351425170898438e+00
2.794472171791487547e+00 4.262771606445312500e+00
3.268297749650519890e+00 3.351564884185791016e+00
2.431401927158802323e+00 2.982927083969116211e+00
2.773754142973742454e+00 3.347465753555297852e+00
7.879549135388417724e+00 5.213308334350585938e+00
4.778777818834710089e+00 4.078924179077148438e+00
3.011011882097419878e+00 2.842694520950317383e+00
4.303942315622506953e+00 2.155922651290893555e+00
8.366719454210663542e+00 5.115341663360595703e+00
2.406851069051629821e+00 2.533126831054687500e+00
2.995642409709987852e+00 3.356991291046142578e+00
3.891955208739549921e+00 3.828839778900146484e+00
5.926902326026977086e+00 3.570178985595703125e+00
2.885882720757579900e+00 2.272735357284545898e+00
2.779459946626610112e+00 3.684321403503417969e+00
2.614463431941164817e+00 2.212545633316040039e+00
7.186943891808194707e+00 5.735627651214599609e+00
2.848772948608082611e+00 2.578060150146484375e+00
1.772428829592584076e+00 2.508013963699340820e+00
9.585058137813909696e+00 5.200212955474853516e+00
3.421535002766835198e+00 3.308875083923339844e+00
2.923408003385319809e+00 1.317067623138427734e+00
2.515684909184242812e+00 3.130213737487792969e+00
1.802509300231008194e+00 2.774110078811645508e+00
3.550844871432097705e+00 2.434946537017822266e+00
3.751736607802492518e+00 3.084794998168945312e+00
1.069051085618074204e+01 5.625844001770019531e+00
5.688120793810467646e+00 3.143298625946044922e+00
1.498885703001885172e+00 1.806623816490173340e+00
2.607509789672745271e+00 3.335807323455810547e+00
4.553431213582432413e+00 3.811970233917236328e+00
5.573894819526601374e-01 1.900976777076721191e+00
3.576655668449590042e+00 2.573486089706420898e+00
3.263416007865432622e+00 2.759008884429931641e+00
5.727649766203872339e+00 4.499285221099853516e+00
4.530694335759717362e+00 2.883344650268554688e+00
3.556022302702605220e+00 2.916588306427001953e+00
3.574001493097689774e+00 3.456583023071289062e+00
4.684062129635462313e+00 4.146137237548828125e+00
2.445464150294465178e+00 3.462859153747558594e+00
5.443320204719920063e+00 5.763323307037353516e+00
5.256045897931007183e+00 2.339800596237182617e+00
2.853990850534994905e+00 2.286213397979736328e+00
2.954044150680227521e+00 2.956737041473388672e+00
2.784295116518997304e+00 2.699007987976074219e+00
4.477911398988979386e+00 4.522749900817871094e+00
4.787453430434375434e+00 4.076549530029296875e+00
3.366754126847742334e+00 3.781250476837158203e+00
4.728274499976377498e+00 2.905157089233398438e+00
4.603200641737902998e+00 2.939319849014282227e+00
2.351331191124200082e+00 2.402553796768188477e+00
4.977417170660859647e+00 4.256401062011718750e+00
8.101824588461976617e+00 4.542440891265869141e+00
3.264965842202425250e+00 1.952162742614746094e+00
3.706913387099185275e+00 2.262185573577880859e+00
3.374175600238252137e+00 2.197563648223876953e+00
7.339829952726150131e-01 9.993585348129272461e-01
4.841219470370267786e+00 4.178969383239746094e+00
2.484456414476322372e+00 2.176048040390014648e+00
1.347931656187258742e+00 2.348027944564819336e+00
6.035939829764902953e+00 4.396790504455566406e+00
3.020340492242739927e+00 4.391557693481445312e+00
2.430109467726257577e+00 2.555915355682373047e+00
2.788694069714767743e+00 3.482326984405517578e+00
4.143291650252485248e+00 2.925963878631591797e+00
4.447743357810289844e+00 4.133091926574707031e+00
3.909394845311947364e+00 3.255717277526855469e+00
4.526392061409055145e+00 3.958159446716308594e+00
2.010890510606187398e+00 2.735145330429077148e+00
3.900660262561572722e+00 3.327301502227783203e+00
4.837057505358050236e+00 4.133391380310058594e+00
4.417283553765182447e+00 4.035274982452392578e+00
3.667385396615502557e+00 3.143691778182983398e+00
3.943255986178282324e+00 3.741230726242065430e+00
7.831467495284377023e+00 5.526936531066894531e+00
3.552295762045269978e+00 3.070706844329833984e+00
4.129223356732717676e+00 3.448119878768920898e+00
3.935819578421622111e+00 3.797949314117431641e+00
2.682651031801007502e+00 3.543742656707763672e+00
4.483757346701939817e+00 4.649010181427001953e+00
4.680581295161972299e+00 3.873464584350585938e+00
1.596290788188885035e+00 3.800917863845825195e+00
5.107344099763022172e+00 3.700359106063842773e+00
4.402618345623592333e+00 2.562960147857666016e+00
2.879703596472087845e+00 2.944170951843261719e+00
3.931478301803549957e+00 2.766135454177856445e+00
3.553478518038867495e+00 2.525867223739624023e+00
3.300216278595930142e+00 3.231615781784057617e+00
4.173371402901650207e+00 3.063672304153442383e+00
4.975132530139124931e+00 4.627877712249755859e+00
3.062947442259119857e+00 2.656254768371582031e+00
2.630681970828784966e+00 3.812349319458007812e+00
2.585197272713764871e+00 1.813658714294433594e+00
4.196743226530212034e+00 2.713840484619140625e+00
8.498201605495035338e+00 5.808824539184570312e+00
3.522285092034392662e+00 2.038994073867797852e+00
4.690418518903888057e+00 4.122437953948974609e+00
7.586462526559727415e+00 4.838545799255371094e+00
1.262398014668665880e+01 5.121955394744873047e+00
2.803502387896269710e+00 2.483292341232299805e+00
1.370412557806192311e+00 1.827535510063171387e+00
3.159665531968062435e+00 2.318564176559448242e+00
2.892934206781437645e+00 2.753041982650756836e+00
2.659846106417889988e+00 3.146341323852539062e+00
3.066723802504744967e+00 2.242614507675170898e+00
2.936323661963357701e+00 3.505644083023071289e+00
3.420812428306494901e+00 2.987851619720458984e+00
3.158085281450905057e+00 1.773066759109497070e+00
2.758543496555545094e+00 3.545113563537597656e+00
4.341404888740452606e+00 4.848407745361328125e+00
1.012088344031313447e+01 6.246171951293945312e+00
6.231258519550655350e+00 4.705554008483886719e+00
2.987621507364117246e+00 2.590902805328369141e+00
2.392045137632210050e+00 2.109816074371337891e+00
1.912922855861167504e+00 2.694116353988647461e+00
6.792648741218407338e+00 3.829836606979370117e+00
3.718549369332619925e+00 3.954077959060668945e+00
3.049638019619967721e+00 2.720037937164306641e+00
3.955247690619734691e+00 3.425089359283447266e+00
4.467318692296725402e+00 2.793791770935058594e+00
4.328581376271777970e+00 3.115696668624877930e+00
2.025862746519727420e+00 2.855497598648071289e+00
7.762607482486612476e+00 5.388438224792480469e+00
3.997436672433392513e+00 3.397133588790893555e+00
3.907742263686607487e+00 3.293747186660766602e+00
3.176440431323900082e+00 3.205568313598632812e+00
2.518303822844107476e+00 2.914281368255615234e+00
4.333068784490071934e+00 3.814649105072021484e+00
4.876664766261712636e+00 4.612595558166503906e+00
3.049215457798089890e+00 2.188013553619384766e+00
2.352449427930177528e+00 3.195636749267578125e+00
3.094613941286239900e+00 2.815711975097656250e+00
4.175591244526097867e+00 3.155754089355468750e+00
4.455053142508842434e+00 3.570472240447998047e+00
5.089140088824180452e+00 4.099220752716064453e+00
3.065870157834137633e+00 3.556505680084228516e+00
3.256889133949257165e+00 3.105995178222656250e+00
3.707214390594877340e+00 2.861091375350952148e+00
8.726283987437998491e+00 4.937756538391113281e+00
3.854705445617669923e+00 2.878142833709716797e+00
3.228106730650792677e+00 3.394515037536621094e+00
2.239645835423250020e+00 3.075068950653076172e+00
3.217274633823907326e+00 3.117601394653320312e+00
5.032271464002610273e+00 3.059235334396362305e+00
3.808560354333162312e+00 2.508012294769287109e+00
3.748504233665657548e+00 3.414822340011596680e+00
3.205086631000392483e+00 3.396279096603393555e+00
7.037701577379834816e+00 3.283010244369506836e+00
5.916544901141739921e+00 4.439430236816406250e+00
2.995809825550942662e+00 3.032523393630981445e+00
6.035356931433380367e+00 3.982817173004150391e+00
4.737112686329477462e+00 3.553014755249023438e+00
1.128191438448732153e+00 1.196343541145324707e+00
4.424246351080762807e+00 2.980239391326904297e+00
3.026377921001490279e+00 3.724592685699462891e+00
2.021148902851179763e+00 2.326365709304809570e+00
2.543314663303622325e+00 2.511080265045166016e+00
9.404985336034862087e+00 5.617491722106933594e+00
4.555397453099947924e+00 2.232301712036132812e+00
4.017181302225247386e+00 2.922088623046875000e+00
2.823059572042439846e+00 3.204008340835571289e+00
4.114922956578882740e+00 2.665394067764282227e+00
4.788419586917849635e+00 3.553672790527343750e+00
6.400782232265729732e+00 3.539873361587524414e+00
3.735668275465759969e+00 2.520438671112060547e+00
2.943333268097609867e+00 2.315982818603515625e+00
3.957245430142322551e+00 2.778789043426513672e+00
2.869733327929994804e+00 2.615010738372802734e+00
5.062056382179942915e+00 2.403681993484497070e+00
4.978110272862730667e+00 2.957226991653442383e+00
5.766246985514887236e+00 3.771393775939941406e+00
3.618977472844759902e+00 3.078097343444824219e+00
3.936652058905882434e+00 3.778320312500000000e+00
9.682065270760478626e+00 4.557811737060546875e+00
6.068648972729862479e+00 4.904644489288330078e+00
3.787751192430352631e+00 2.735506057739257812e+00
2.922289425981585254e+00 3.694531440734863281e+00
6.854907581113000248e+00 4.406863212585449219e+00
3.360039047298959858e+00 2.712467670440673828e+00
4.334307841633617819e+00 2.613841772079467773e+00
2.958718148860097319e+00 3.984057188034057617e+00
4.328790634409689808e+00 3.722416877746582031e+00
4.019645707164052340e+00 3.392970800399780273e+00
3.942241942276869970e+00 2.680556774139404297e+00
5.755808197720409858e+00 3.590966224670410156e+00
2.697564439711857442e+00 1.632254242897033691e+00
3.581048813279497534e+00 3.682548046112060547e+00
4.865129085645675033e+00 4.223906040191650391e+00
1.715290375817411839e+00 2.909919738769531250e+00
6.562195484555489955e+00 4.101209640502929688e+00
2.301039537856354844e+00 1.955627918243408203e+00
2.909999174506397779e+00 3.753083467483520508e+00
2.140066800910267464e+00 2.578012704849243164e+00
3.570955410246050121e+00 2.202651500701904297e+00
3.507294124399617630e+00 2.650456666946411133e+00
2.588692286831102418e+00 2.379079103469848633e+00
5.441854047011790207e+00 4.471888065338134766e+00
4.474381307108689754e+00 3.671412706375122070e+00
7.220427876107267551e+00 4.402663707733154297e+00
5.596497750288475181e+00 4.727903366088867188e+00
3.207928310789094795e+00 1.974395632743835449e+00
3.427330423164384854e+00 2.881755352020263672e+00
3.626157477509065252e+00 2.606346130371093750e+00
3.874719634813915015e+00 2.979072570800781250e+00
3.257159638266132529e+00 3.602530956268310547e+00
2.047839260714265031e+00 1.184249520301818848e+00
2.197941359440014786e+00 2.870687723159790039e+00
4.816612742002102543e+00 3.024599075317382812e+00
3.827125688628219891e+00 2.481272220611572266e+00
6.716010095344180364e+00 5.699285507202148438e+00
3.406175024539850327e+00 2.710639715194702148e+00
6.117831771050692424e+00 3.562425613403320312e+00
2.530999476435664697e+00 2.898887872695922852e+00
3.251603396155632542e+00 2.144966363906860352e+00
3.920932440469250047e+00 2.304433822631835938e+00
1.484941004300755818e+00 1.037048339843750000e+00
6.453711634296189992e+00 4.973966598510742188e+00
4.307548345309459847e+00 3.561566829681396484e+00
7.113999802606427281e+00 4.213711738586425781e+00
5.068956979949915009e+00 4.322600364685058594e+00
6.077446967181390214e+00 4.139266967773437500e+00
3.769658498122712587e+00 3.437225341796875000e+00
2.477026208827847853e+00 3.201153755187988281e+00
2.971852980315535131e+00 2.408622503280639648e+00
1.866051643945542349e+00 2.545668363571166992e+00
2.419475632269227461e+00 2.258830070495605469e+00
5.551169315802280124e+00 3.728190898895263672e+00
5.788941100288862884e+00 3.031376838684082031e+00
6.397266005633232666e+00 3.728904724121093750e+00
3.177496018100137487e+00 3.712854862213134766e+00
6.508360134876537195e+00 5.242746829986572266e+00
2.068180725113317298e+00 1.517321348190307617e+00
3.152445705352527661e+00 3.064950942993164062e+00
4.897402396836012528e+00 3.878520250320434570e+00
4.057224081780157476e+00 4.005555629730224609e+00
5.112448790482459593e+00 4.687291145324707031e+00
3.032670285251512610e+00 3.668464183807373047e+00
3.378030949710922215e+00 2.619732618331909180e+00
3.670526277023297812e+00 3.635485887527465820e+00
5.534606005550554819e+00 4.151309013366699219e+00
3.036763405470462640e+00 2.248232841491699219e+00
5.469973272276839715e+00 4.243136882781982422e+00
5.174713389862589885e+00 4.227632522583007812e+00
4.155129340775222779e+00 3.203541517257690430e+00
2.943681866607129827e+00 2.368334531784057617e+00
4.370776324389372469e+00 3.793472766876220703e+00
2.572245469560897391e+00 2.409196615219116211e+00
2.705276835728669838e+00 3.223028898239135742e+00
3.135215529554202796e+00 4.271577835083007812e+00
4.090931633367333120e+00 3.737311124801635742e+00
6.398922563582035039e+00 3.731660604476928711e+00
2.345620791537069927e+00 2.126016855239868164e+00
4.291631851369229977e+00 2.871963500976562500e+00
3.287550441279827318e+00 3.242097139358520508e+00
3.158530275331327353e+00 3.717931032180786133e+00
3.372487452384032469e+00 3.159473657608032227e+00
5.055765560903607181e+00 4.411731719970703125e+00
2.033489768358029970e+00 1.096139669418334961e+00
5.797862919741837651e+00 3.118191242218017578e+00
2.527471449691132577e+00 2.585803747177124023e+00
4.481532857931144420e+00 2.155404090881347656e+00
5.881652120329545319e+00 4.430472373962402344e+00
5.153600317594912994e+00 1.649737119674682617e+00
2.752721261754409898e+00 3.689300060272216797e+00
3.642595957478584889e+00 3.908052921295166016e+00
4.965825554820812116e+00 3.145709514617919922e+00
2.734071266905969910e+00 2.950420141220092773e+00
9.189726688996096016e+00 3.993088722229003906e+00
3.681660910938600040e+00 2.771838665008544922e+00
4.646705416611389694e+00 3.217247724533081055e+00
6.050509472937525501e+00 5.305933952331542969e+00
6.814220868112195184e+00 4.121543407440185547e+00
5.054355561642660533e+00 2.451015710830688477e+00
4.126010422399409627e+00 3.382086038589477539e+00
2.350938104477925172e+00 2.683521747589111328e+00
3.460833295465647552e+00 3.232766866683959961e+00
3.996855477822889746e+00 3.693067550659179688e+00
6.396838308769442705e+00 3.460606575012207031e+00
4.407238534966015031e+00 2.730725765228271484e+00
4.907905438443569857e+00 2.067946910858154297e+00
4.453430930344242533e+00 2.394265890121459961e+00
2.886386361646282595e+00 3.658409357070922852e+00
4.639338703150005294e+00 4.278734207153320312e+00
2.734604029485387500e+00 2.709174871444702148e+00
4.306311433369796937e+00 4.351471900939941406e+00
2.136210034872560115e+00 2.588779687881469727e+00
2.706608884944845084e+00 3.418632268905639648e+00
3.510218076617545258e+00 2.749632358551025391e+00
5.319085807730102644e+00 4.805321216583251953e+00
1.787600284985144450e+00 1.890757083892822266e+00
4.908547518040400348e+00 2.635804653167724609e+00
6.190623045038785577e+00 5.295904636383056641e+00
3.321291412995077685e+00 2.694220066070556641e+00
3.057299451219759767e+00 2.647615909576416016e+00
7.019351810617992626e+00 4.123154163360595703e+00
3.910660822114599977e+00 2.878386974334716797e+00
3.122670434226214820e+00 2.586199522018432617e+00
3.363738856255920062e+00 3.220810890197753906e+00
2.351059734963227399e+00 1.975888490676879883e+00
4.025005336249810384e+00 3.680846691131591797e+00
3.013502847973277277e+00 3.763655662536621094e+00
4.251839020608924713e+00 2.388907909393310547e+00
2.404863913179102752e+00 2.683488368988037109e+00
3.766949518598347701e+00 3.091615915298461914e+00
2.989217184039844710e+00 3.355710268020629883e+00
3.727710205559862544e+00 3.770673513412475586e+00
6.578232326711642486e+00 3.893429517745971680e+00
2.504708093941800051e+00 1.805487751960754395e+00
2.627633670644572650e+00 4.047381401062011719e+00
4.043466667310104512e+00 4.185693264007568359e+00
4.015900537625483935e+00 3.018435001373291016e+00
3.590617808491004759e+00 3.534736156463623047e+00
3.304008151146449634e+00 3.622308969497680664e+00
3.635943758599339937e+00 4.788358688354492188e+00
2.658143694087379938e+00 2.901914596557617188e+00
3.138541257584952504e+00 3.475641727447509766e+00
4.367606257528089841e+00 4.468406200408935547e+00
2.982548671059355172e+00 1.609194397926330566e+00
4.913360485233384978e+00 4.325873851776123047e+00
3.691316042168462541e+00 2.860177278518676758e+00
4.551097952404517422e+00 2.669043779373168945e+00
3.190627753678737299e+00 2.616564750671386719e+00
2.052969810048227650e+00 2.038757085800170898e+00
4.635879286556972012e+00 2.581242084503173828e+00
3.434609564213777499e+00 3.643800973892211914e+00
2.602554393842420044e+00 2.624777317047119141e+00
4.445005295107477217e+00 4.088026046752929688e+00
7.020351967607512123e+00 5.987184047698974609e+00
4.635552612817097184e+00 3.385107755661010742e+00
6.138358210425069572e+00 4.475954532623291016e+00
2.730218471049032480e+00 2.707847118377685547e+00
6.075049971927702686e+00 2.774695396423339844e+00
2.661269722295487750e+00 3.381255626678466797e+00
3.209604584672687722e+00 1.702544093132019043e+00
2.213312200949829833e+00 2.630705595016479492e+00
3.417099600986380104e+00 2.945697307586669922e+00
3.097859068574997377e+00 1.726224303245544434e+00
5.264297676441332285e+00 4.281825065612792969e+00
5.052598236867027026e+00 4.141762733459472656e+00
3.355101491934834979e+00 3.322500705718994141e+00
4.163499037449887474e+00 1.864028811454772949e+00
1.421420742043994823e+00 2.923363685607910156e+00
8.760130055459134368e+00 5.129936695098876953e+00
4.520976299414057209e+00 3.456490039825439453e+00
3.479010417480977502e+00 3.430670738220214844e+00
2.074188641406105038e+00 2.423833370208740234e+00
4.642129930645359615e+00 3.564080476760864258e+00
2.244319407890267293e+00 3.234710693359375000e+00
1.149247877855392375e+01 5.915743827819824219e+00
4.472446453554890233e+00 3.903018236160278320e+00
4.734473923822692498e+00 3.827567100524902344e+00
5.031267820194837093e+00 2.614326477050781250e+00
2.830495631015540248e+00 4.147636413574218750e+00
5.295331351795876884e+00 3.833360433578491211e+00
2.772064336228334813e+00 1.001449942588806152e+00
3.094645272077402698e+00 2.299999237060546875e+00
4.379080364746210208e+00 2.835880756378173828e+00
3.354943650640070274e+00 3.359986066818237305e+00
2.500349938064652555e+00 2.721248865127563477e+00
2.604854400220807609e+00 2.884026050567626953e+00
2.369937813088232481e+00 2.455655574798583984e+00
7.378127158327394852e+00 5.880882263183593750e+00
3.541663785133605025e+00 3.334338188171386719e+00
3.203452729494597584e+00 4.381469726562500000e+00
4.184249377259590119e+00 3.329094409942626953e+00
2.645696214547732517e+00 3.764340400695800781e+00
3.134748027822107375e+00 2.272529125213623047e+00
5.532077936598555290e+00 2.192398548126220703e+00
3.047147552913347379e+00 3.448178768157958984e+00
4.127290596674614953e+00 3.176403999328613281e+00
2.545020569962805013e+00 3.621258735656738281e+00
7.456955894485594705e+00 5.013976573944091797e+00
4.373608942154030288e+00 2.686059951782226562e+00
2.388290636909102371e+00 4.062168121337890625e+00
4.648808801373817801e+00 3.295371532440185547e+00
4.327270768099352516e+00 2.973926067352294922e+00
7.990334963443655347e+00 5.168816089630126953e+00
3.451746027320012455e+00 3.176485061645507812e+00
1.731378537256990091e+00 2.104248285293579102e+00
3.955614873142125010e+00 3.268242120742797852e+00
3.187762640215490162e+00 3.113677024841308594e+00
4.644636165080572532e+00 3.680836677551269531e+00
7.015583224125622408e+00 4.928175926208496094e+00
3.185000827258885003e+00 1.757982730865478516e+00
3.943983084433712705e+00 3.308120489120483398e+00
7.092012408968744630e+00 3.882918834686279297e+00
6.831807130887474599e+00 5.429540157318115234e+00
3.605834025543542598e+00 3.857983112335205078e+00
4.265870097894515212e+00 3.081289052963256836e+00
2.293385987952464955e+00 2.792360782623291016e+00
2.412886188644497665e+00 2.560569524765014648e+00
5.063085342299552316e+00 4.189567565917968750e+00
6.107298384774082933e+00 3.007437467575073242e+00
5.475600313887465376e+00 5.505734920501708984e+00
2.452578454311280076e+00 4.789728164672851562e+00
2.757986057003242397e+00 2.871562957763671875e+00
4.410510666643895128e+00 2.031939268112182617e+00
3.767461277707164768e+00 3.184419393539428711e+00
4.166208905566262999e+00 2.642871856689453125e+00
5.499839916957432351e+00 4.167860984802246094e+00
4.322443793293067493e+00 3.611621856689453125e+00
4.510599904938182192e+00 3.711809396743774414e+00
4.518258223970607723e+00 3.920258998870849609e+00
3.569401960850442812e+00 2.865891933441162109e+00
3.792649448642922749e+00 4.210965156555175781e+00
1.907630867291425059e+00 7.860149145126342773e-01
4.960572584030580323e+00 4.049263477325439453e+00
8.638291438176796788e+00 4.934681415557861328e+00
3.179188356429659912e+00 2.935894727706909180e+00
7.026605476168497511e+00 5.350014209747314453e+00
3.198645335238429865e+00 3.342654466629028320e+00
4.144008380553169779e+00 3.848027944564819336e+00
3.626550927548567671e+00 3.208657741546630859e+00
3.464215821129339901e+00 1.973838210105895996e+00
3.807208344992617288e+00 3.983782768249511719e+00
2.380274731115589848e+00 2.918758153915405273e+00
4.855816391287762102e+00 3.805276393890380859e+00
4.553227367287000504e+00 4.851372241973876953e+00
2.637761468482917593e+00 3.447867393493652344e+00
5.674017544565360005e+00 3.675715446472167969e+00
4.115015021319459620e+00 2.412292003631591797e+00
2.118896772411027474e+00 2.877709388732910156e+00
6.087054601380481600e+00 4.393674373626708984e+00
2.422126020852697792e+00 3.326733350753784180e+00
2.602512824988387763e+00 2.839533090591430664e+00
3.421272349120125345e+00 2.217632770538330078e+00
4.899234647788793140e+00 2.659840106964111328e+00
2.943537027028504838e+00 3.313942670822143555e+00
2.936520913634884877e+00 1.623585462570190430e+00
2.330550152551539966e+00 2.405824422836303711e+00
3.899089627477620112e+00 4.618212699890136719e+00
4.501463972661104762e+00 2.876308917999267578e+00
1.724665061201631211e+00 2.227995634078979492e+00
3.020521559665597433e+00 2.784845113754272461e+00
3.015977840476775196e+00 2.791902542114257812e+00
4.482721081000142327e+00 2.685411214828491211e+00
3.196072235275092321e+00 3.605386972427368164e+00
5.862749319339547682e+00 3.673442125320434570e+00
2.376685106973552397e+00 2.238679885864257812e+00
3.500028350842959934e+00 2.908475875854492188e+00
6.660894060655997428e+00 3.738244533538818359e+00
4.495847391304660157e+00 4.253240108489990234e+00
3.575356611557760189e+00 3.382140159606933594e+00
5.397199144357927914e+00 2.262422561645507812e+00
1.418818315975207467e+00 2.465090036392211914e+00
3.171123403918877592e+00 2.552519321441650391e+00
3.977624627512382549e+00 3.760960102081298828e+00
4.689870872283437464e+00 3.744218587875366211e+00
1.033736448369816507e+01 5.203561782836914062e+00
2.542249072731938675e+00 3.488362312316894531e+00
8.313194267249084390e+00 5.551477909088134766e+00
7.801248142084080683e+00 5.843897819519042969e+00
6.966387062757552151e+00 4.759025573730468750e+00
4.042222573509317129e+00 3.511866331100463867e+00
4.896711611490488281e+00 3.666411399841308594e+00
4.663222264176584808e+00 2.818462610244750977e+00
4.057487219462279526e+00 4.020472526550292969e+00
4.620254860602182490e+00 3.210700273513793945e+00
3.078771763175910170e+00 2.813548803329467773e+00
6.910513551897299322e-01 2.334140777587890625e+00
2.986576881259787264e+00 1.841609239578247070e+00
2.972493046679947515e+00 2.951281070709228516e+00
1.432731136622952262e+00 1.026227235794067383e+00
3.525073131180299857e+00 2.835694313049316406e+00
2.231691297472540025e+00 1.588411569595336914e+00
4.154519154833510086e+00 2.439471483230590820e+00
2.438038741584817259e+00 2.646356582641601562e+00
1.719931604221756061e+00 1.560300827026367188e+00
2.710169952784910130e+00 3.547874927520751953e+00
5.389309926728212297e+00 4.621697425842285156e+00
4.707836529097352951e+00 4.543083190917968750e+00
2.614450933193497306e+00 4.322147369384765625e+00
3.213377943601785081e+00 3.489837646484375000e+00
2.389182595534395048e+00 2.183628559112548828e+00
2.506079797445794899e+00 2.007318973541259766e+00
2.560294613357820381e+00 3.617520093917846680e+00
2.632451174509045089e+00 1.782184839248657227e+00
2.738642227605270207e+00 3.877272129058837891e+00
2.844797359067964937e+00 2.985845088958740234e+00
4.509531299317112385e+00 4.320362091064453125e+00
6.698857536454732475e+00 4.571141719818115234e+00
4.756503011075392529e+00 3.480831861495971680e+00
2.451787123456664830e+00 2.823201656341552734e+00
1.700644224187205067e+00 1.608863830566406250e+00
4.552462639590172166e+00 3.172832012176513672e+00
3.102770433052285171e+00 3.714601993560791016e+00
2.696502135979034875e+00 2.696606159210205078e+00
4.712871035078342707e+00 4.036937236785888672e+00
6.051282370423620272e+00 5.194281578063964844e+00
3.065801734011627477e+00 2.607293367385864258e+00
5.554847027241354596e+00 4.152242183685302734e+00
8.773398675066502506e+00 5.462382793426513672e+00
2.694269586082739920e+00 2.357139825820922852e+00
4.995391860233262094e+00 4.109488487243652344e+00
5.126175102503600201e+00 2.563680648803710938e+00
4.644276816337270297e+00 2.624746084213256836e+00
3.841606810782209891e+00 2.911842346191406250e+00
3.307665241104942311e+00 2.644161224365234375e+00
4.055872094964342978e+00 3.627626895904541016e+00
4.933701431658832348e+00 2.937196731567382812e+00
6.659784817168129756e+00 6.193092823028564453e+00
3.221385067779987565e+00 2.809906005859375000e+00
3.532868263935025066e+00 3.109425783157348633e+00
4.944387590420505241e+00 3.907254219055175781e+00
4.119436523708197129e+00 3.709884643554687500e+00
4.241762298013102672e+00 1.695603609085083008e+00
3.068798589117195164e+00 3.510006189346313477e+00
5.223699419286710111e+00 3.475612401962280273e+00
4.070889985222537533e+00 3.763003826141357422e+00
3.089709758484779911e+00 3.429813623428344727e+00
6.069622478440112268e+00 4.588720321655273438e+00
2.537947693882984801e+00 2.056036472320556641e+00
3.992848972181914924e+00 4.400810241699218750e+00
3.623779473102697324e+00 2.679468631744384766e+00
2.062847324605477262e+00 1.663514375686645508e+00
4.619623882021084427e+00 4.064417362213134766e+00
4.525683293718492095e+00 2.663416385650634766e+00
6.337610330625333077e+00 3.652424812316894531e+00
5.770688434451189508e+00 3.801468849182128906e+00
2.722520290946935262e+00 1.707163810729980469e+00
2.443309980701842576e+00 2.504456996917724609e+00
5.495796846490692111e+00 3.793207883834838867e+00
6.088313898502120125e+00 4.580701828002929688e+00
4.051509794698857192e+00 4.299133300781250000e+00
2.597495859517684913e+00 3.998644351959228516e+00
5.672993598215464672e+00 4.161324501037597656e+00
3.320072356930159785e+00 2.622156620025634766e+00
4.983371232003087847e+00 2.465873718261718750e+00
1.276586752441019268e+00 2.504432678222656250e+00
3.814561152702309776e+00 3.865622043609619141e+00
3.319986742410767633e+00 3.041195631027221680e+00
2.312693265430644907e+00 2.605689287185668945e+00
4.548742143748147448e+00 2.318727970123291016e+00
3.506297646381207223e+00 2.758903503417968750e+00
