3.219030846769202370e+00 3.195262432098388672e+00
3.436674710228450280e+00 3.491636037826538086e+00
4.180740031310199889e+00 4.531960964202880859e+00
4.543577199029702030e+00 5.047836303710937500e+00
2.345800265927474371e+00 1.998107552528381348e+00
4.867654948457070141e+00 5.530407905578613281e+00
7.513132570368394880e+00 1.014733314514160156e+01
3.607858569176085162e+00 3.730547189712524414e+00
4.334262674178948060e+00 4.752263069152832031e+00
2.970296628847067577e+00 2.848567724227905273e+00
2.996830071850907551e+00 2.890156745910644531e+00
2.244976047865618884e+00 1.859709739685058594e+00
4.832335869357982538e+00 5.480990886688232422e+00
3.182257110538807332e+00 3.145001649856567383e+00
5.462051731764755225e+00 6.439310073852539062e+00
3.414745830439810170e+00 3.466493606567382812e+00
3.795712315584530039e+00 4.000795841217041016e+00
1.027598806816003751e+01 1.530195045471191406e+01
3.120469037331919715e+00 3.052623748779296875e+00
4.157474173212762025e+00 4.501651287078857422e+00
6.046978166095357210e+00 7.367752552032470703e+00
1.787302622288637455e+00 1.232879519462585449e+00
4.462487036802669671e+00 4.934274196624755859e+00
1.959092353022498401e+00 1.458794474601745605e+00
2.455006347342402417e+00 2.140993833541870117e+00
3.073443334644855085e+00 2.993011474609375000e+00
1.188031593885054082e+00 3.935652673244476318e-01
3.603651988674442475e+00 3.712860345840454102e+00
4.904365860260660348e+00 5.574352264404296875e+00
3.891625873139752390e+00 4.121194839477539062e+00
3.018826882807875034e+00 2.916629552841186523e+00
3.601089934940692405e+00 3.720710992813110352e+00
3.521523905199575033e+00 3.606705188751220703e+00
3.463892170928987824e+00 3.536804199218750000e+00
4.441272534466270017e+00 4.897322654724121094e+00
5.175578128590137439e+00 5.996961593627929688e+00
5.388247477959692056e+00 6.317598819732666016e+00
2.437280117779902611e+00 2.114462852478027344e+00
4.387606844464782441e+00 4.829241275787353516e+00
4.042910768258740184e+00 4.339058876037597656e+00
5.058496319411502462e+00 5.817253589630126953e+00
4.498220328705049731e+00 4.985329151153564453e+00
4.834326477179442527e+00 5.477411270141601562e+00
4.172916882806812389e+00 4.512712955474853516e+00
5.053432386293627232e+00 5.809683322906494141e+00
5.422848715975774780e+00 6.371160984039306641e+00
2.168475401517220291e+00 1.749725818634033203e+00
3.096705123901002388e+00 3.026007413864135742e+00
5.064333779888387177e+00 5.831691265106201172e+00
3.208655280767795048e+00 3.171611070632934570e+00
3.576942487521634906e+00 3.686429738998413086e+00
5.118417208878161873e+00 5.904233455657958984e+00
3.492754588623444789e+00 3.577655076980590820e+00
2.395818243787157353e+00 2.072250843048095703e+00
2.547383009498109807e+00 2.279987335205078125e+00
1.812185398048022478e+00 1.264039158821105957e+00
2.854054279345264789e+00 2.691086053848266602e+00
4.588249705327617889e+00 5.114721298217773438e+00
4.238155771627072355e+00 4.611008167266845703e+00
3.142970069417220014e+00 3.096627235412597656e+00
5.883942391359069823e+00 7.096108436584472656e+00
3.083727596781052238e+00 3.001700162887573242e+00
4.574475568525150138e+00 5.095377445220947266e+00
3.556675845413439951e+00 3.657114028930664062e+00
2.966231227270250237e+00 2.838119745254516602e+00
3.917801819259325136e+00 4.162824630737304688e+00
3.604297296672672513e+00 3.729247331619262695e+00
5.059392665614842244e+00 5.821728229522705078e+00
2.505437043672524844e+00 2.215096235275268555e+00
4.644374949488224935e+00 5.200817584991455078e+00
3.328508929645872527e+00 3.341901063919067383e+00
4.450281934816009866e+00 4.912821292877197266e+00
3.334069890615912524e+00 3.347860097885131836e+00
2.932105074630479979e+00 2.793114185333251953e+00
3.402434840810454997e+00 3.451835155487060547e+00
4.670993391615654744e+00 5.246948719024658203e+00
4.813830856598005248e+00 5.457275390625000000e+00
2.901299832835344983e+00 2.756409645080566406e+00
3.792817488450344943e+00 3.985440254211425781e+00
7.355776048799724798e+00 9.819095611572265625e+00
3.132346133403917765e+00 3.070303440093994141e+00
2.594658278406617669e+00 2.336536884307861328e+00
4.259169765208369540e+00 4.634536266326904297e+00
2.594746104793939967e+00 2.332757472991943359e+00
5.420141596244092419e+00 6.374449253082275391e+00
2.833383529490192565e+00 2.658552646636962891e+00
5.954938728676762771e+00 7.215239048004150391e+00
3.332965031012772528e+00 3.349256277084350586e+00
2.949232993413782644e+00 2.821967124938964844e+00
2.985346612833542412e+00 2.868275642395019531e+00
2.656536669589775190e+00 2.417384624481201172e+00
2.258941849629892751e+00 1.873015046119689941e+00
4.421875798185181949e+00 4.870526790618896484e+00
5.396308842649695237e+00 6.331171035766601562e+00
4.975605912225392835e+00 5.691182136535644531e+00
3.987288529779054791e+00 4.261457920074462891e+00
3.387666064500820085e+00 3.426972389221191406e+00
3.468574866556049852e+00 3.537962913513183594e+00
4.696713765283559994e+00 5.279451847076416016e+00
3.588902638629804631e+00 3.706810235977172852e+00
3.125218369719372724e+00 3.058592557907104492e+00
3.029023947151944895e+00 2.936939239501953125e+00
2.909000844784772610e+00 2.762402772903442383e+00
1.112845546579556810e+01 1.587187194824218750e+01
5.577252388251767279e+00 6.615038871765136719e+00
3.767435066739772243e+00 3.955349683761596680e+00
2.803132131412190198e+00 2.619868040084838867e+00
3.604527178315985125e+00 3.729775667190551758e+00
6.047848488270692435e+00 7.363534450531005859e+00
4.333408445899767258e+00 4.740055084228515625e+00
9.047340150468439646e+00 1.332705402374267578e+01
6.271832302009705096e+00 7.756273269653320312e+00
3.499584736061492229e+00 3.578588724136352539e+00
3.619456751115827764e+00 3.749652147293090820e+00
2.335710302523737347e+00 1.965911865234375000e+00
1.503007087037637524e+00 8.284780383110046387e-01
3.691190849751204706e+00 3.846348762512207031e+00
1.612769722216037538e+00 9.856117963790893555e-01
4.165601208854754489e+00 4.506711006164550781e+00
3.400376228059347472e+00 3.442992448806762695e+00
9.622481125080604158e+00 1.441619968414306641e+01
3.848411547899002638e+00 4.071130275726318359e+00
4.019330275939015706e+00 4.297952651977539062e+00
3.322026886625949693e+00 3.335515737533569336e+00
4.753840957021267855e+00 5.359915733337402344e+00
4.275036453343827425e+00 4.670601844787597656e+00
4.396909055778834841e+00 4.842973232269287109e+00
3.195947767332850020e+00 3.157501697540283203e+00
3.720596446558257497e+00 3.886751174926757812e+00
4.169387858190507501e+00 4.516163825988769531e+00
4.468090853571617060e+00 4.937417984008789062e+00
3.056498513533715045e+00 2.974151849746704102e+00
1.673812066382247554e+00 1.071818590164184570e+00
4.169937081040492544e+00 4.525093555450439453e+00
6.114149410050487177e+00 7.475469589233398438e+00
3.690175936685147207e+00 3.854191780090332031e+00
3.646582688349440105e+00 3.782765865325927734e+00
3.143535490637922702e+00 3.098410129547119141e+00
8.351442206493418396e+00 1.190398311614990234e+01
3.215752781488782741e+00 3.184352397918701172e+00
3.927421988878527337e+00 4.173324584960937500e+00
5.258722140199137307e+00 6.121879100799560547e+00
2.266207157955262730e+00 1.888189315795898438e+00
4.086009816610922663e+00 4.399060249328613281e+00
4.017417715383764687e+00 4.304699420928955078e+00
4.238708858519713019e+00 4.604547500610351562e+00
3.363836138010372068e+00 3.384814739227294922e+00
4.365495193890167158e+00 4.802178859710693359e+00
2.116304038364424933e+00 1.682802319526672363e+00
6.179216233927257385e+00 7.595150947570800781e+00
4.031331234482212977e+00 4.321296215057373047e+00
4.257950083884792569e+00 4.641465663909912109e+00
3.746903649160582717e+00 3.925909042358398438e+00
4.442263497476655054e+00 4.911463260650634766e+00
3.936900391236235031e+00 4.185868263244628906e+00
3.193745664826672659e+00 3.162036657333374023e+00
4.237884905401039681e+00 4.613444805145263672e+00
1.830877783531437597e+00 1.281161189079284668e+00
4.069709828084912218e+00 4.368076324462890625e+00
3.193164397964849854e+00 3.151458978652954102e+00
2.882067419102142480e+00 2.726433038711547852e+00
9.907055363113554947e+00 1.485528564453125000e+01
4.015453915777172256e+00 4.296146392822265625e+00
4.931609196563084829e+00 5.623018264770507812e+00
7.790451375601252337e+00 1.074184036254882812e+01
2.597083282611845068e+00 2.330734014511108398e+00
2.245511515259710045e+00 1.850216507911682129e+00
3.347022256672612439e+00 3.363630294799804688e+00
4.862778865957140262e+00 5.523216247558593750e+00
3.270260007790682710e+00 3.278471946716308594e+00
4.266138218268527460e+00 4.655670642852783203e+00
3.721090029574274816e+00 3.881993293762207031e+00
4.914107245624667719e+00 5.597328186035156250e+00
3.260811180990367486e+00 3.248404741287231445e+00
3.317383921639595279e+00 3.324468612670898438e+00
5.875569585943395623e+00 7.078888893127441406e+00
3.712406339228672358e+00 3.878238439559936523e+00
4.861900553476729669e+00 5.532361507415771484e+00
5.047292294056934914e+00 5.799404621124267578e+00
4.423078491312850247e+00 4.885924816131591797e+00
2.830906592165050029e+00 2.659655570983886719e+00
1.912647074323757579e+00 1.398065447807312012e+00
4.326824065222379723e+00 4.743267059326171875e+00
3.575293869820532322e+00 3.687425851821899414e+00
6.124831310320084654e+00 7.495503425598144531e+00
2.927019773753947618e+00 2.784955739974975586e+00
4.571829062582632552e+00 5.093590736389160156e+00
3.709845548696154793e+00 3.870303392410278320e+00
5.543343212729105574e+00 6.555612087249755859e+00
4.073835192686320106e+00 4.389951705932617188e+00
4.298990103173662369e+00 4.698808670043945312e+00
3.297884349814930172e+00 3.304932594299316406e+00
2.288494062221760217e+00 1.923298954963684082e+00
6.350188012439837770e+00 7.885193347930908203e+00
3.230678773340554866e+00 3.214947938919067383e+00
3.347088123369112544e+00 3.371646642684936523e+00
2.997980440491617493e+00 2.884782552719116211e+00
4.408492266816377736e+00 4.859853744506835938e+00
3.064826192109725067e+00 2.979337215423583984e+00
5.653974271996054846e+00 6.723523139953613281e+00
2.533605910600017275e+00 2.248003482818603516e+00
2.599721445862072322e+00 2.344297647476196289e+00
3.850597381251297691e+00 4.062105655670166016e+00
2.722380268564382533e+00 2.504422903060913086e+00
2.993529665084902369e+00 2.885592937469482422e+00
4.160105615492767583e+00 4.495676040649414062e+00
4.055046573131734888e+00 4.349779605865478516e+00
2.029351586475167224e+00 1.562981963157653809e+00
2.867295606625622550e+00 2.715844631195068359e+00
4.118088920393567776e+00 4.445258617401123047e+00
5.237398683415699807e+00 6.083723545074462891e+00
2.107752669484618924e+00 1.675518512725830078e+00
4.200999704662184975e+00 4.558380126953125000e+00
7.062295584290237294e+00 9.216369628906250000e+00
4.612519038403790184e+00 5.152692317962646484e+00
3.570640899185959949e+00 3.677924871444702148e+00
4.909468773059124658e+00 5.601973056793212891e+00
8.088276203173114354e+00 1.135261535644531250e+01
7.443455607176380440e+00 1.000133514404296875e+01
2.481290106063104961e+00 2.182850122451782227e+00
3.407163086137472430e+00 3.450068473815917969e+00
1.711709084313865148e+00 1.119965076446533203e+00
2.855492790650462354e+00 2.688718318939208984e+00
3.703508266378062519e+00 3.863318681716918945e+00
7.065301583500909643e+00 9.227041244506835938e+00
3.072997403937045569e+00 2.985140800476074219e+00
4.340062787720444959e+00 4.759732723236083984e+00
2.631464792433180211e+00 2.379866838455200195e+00
4.061422209492127067e+00 4.369494915008544922e+00
7.277614050499240150e+00 9.649378776550292969e+00
3.010178324036287378e+00 2.899928331375122070e+00
2.394453998550287288e+00 2.056013345718383789e+00
3.105039143612715158e+00 3.031400203704833984e+00
5.248412437643322548e+00 6.098248958587646484e+00
3.353152691328932455e+00 3.376245260238647461e+00
5.616481084688560443e+00 6.665509700775146484e+00
4.730918816907520252e+00 5.325742244720458984e+00
4.423123342431842353e+00 4.881840705871582031e+00
2.351478908478449537e+00 2.011573076248168945e+00
3.348144806735420254e+00 3.364550352096557617e+00
3.286044154372285142e+00 3.288414478302001953e+00
3.842568669194681874e+00 4.053569793701171875e+00
5.985518399184182492e+00 7.260630130767822266e+00
2.350010310166440242e+00 2.001429319381713867e+00
3.728879955073162389e+00 3.908039808273315430e+00
2.455609337282122606e+00 2.144530773162841797e+00
5.135857018867562296e+00 5.930547714233398438e+00
2.827924532663824930e+00 2.662752151489257812e+00
4.864491890260047136e+00 5.526507854461669922e+00
5.585700366297724706e+00 6.629321575164794922e+00
5.464895460030997576e+00 6.436228275299072266e+00
5.574518485875012530e+00 6.602760314941406250e+00
4.201269538086067179e+00 4.565694332122802734e+00
2.796636272697812675e+00 2.611058473587036133e+00
4.180818716432497695e+00 4.538130760192871094e+00
2.964700225775370068e+00 2.842596054077148438e+00
2.783223260123779852e+00 2.588963985443115234e+00
3.192907186956422727e+00 3.154041051864624023e+00
3.642718228047855167e+00 3.788359880447387695e+00
5.366381536703844546e+00 6.284906864166259766e+00
3.951968811993332054e+00 4.206579685211181641e+00
3.205950805748012833e+00 3.177040815353393555e+00
2.938993119467552706e+00 2.807133913040161133e+00
4.236947648244163034e+00 4.607359409332275391e+00
5.587073921617625061e+00 6.626633644104003906e+00
2.636969294664055052e+00 2.393517017364501953e+00
2.202394577888910021e+00 1.802180290222167969e+00
4.446801840052437171e+00 4.918248176574707031e+00
4.653636107059379690e+00 5.211817741394042969e+00
3.150451500609412481e+00 3.104978084564208984e+00
2.364200504471449804e+00 2.020496606826782227e+00
2.673865631101732365e+00 2.443686246871948242e+00
3.381152014987347521e+00 3.409903049468994141e+00
2.094973842383945239e+00 1.649363398551940918e+00
2.864546435641699862e+00 2.707216024398803711e+00
2.572648696663465184e+00 2.299504280090332031e+00
2.649883378544602319e+00 2.412850856781005859e+00
2.802739158726350155e+00 2.627213478088378906e+00
4.094328153053485408e+00 4.401198387145996094e+00
4.568535667784862753e+00 5.084416389465332031e+00
1.666879705706604931e+00 1.057626962661743164e+00
2.785924047365107459e+00 2.591733932495117188e+00
6.711082769849910257e+00 8.546428680419921875e+00
2.952660426544713168e+00 2.824589252471923828e+00
3.231451228818600363e+00 3.207626104354858398e+00
2.192930886267740576e+00 1.783119320869445801e+00
4.081764781195235336e+00 4.388251304626464844e+00
3.260118147077057493e+00 3.248550415039062500e+00
2.839914150433172413e+00 2.667846918106079102e+00
2.168908903684867440e+00 1.748022079467773438e+00
3.441228293646782177e+00 3.502729177474975586e+00
2.436298019105560098e+00 2.123870611190795898e+00
7.237492998184340109e+00 9.576786994934082031e+00
3.229929798068852609e+00 3.209343671798706055e+00
4.612077960705160073e+00 5.149072170257568359e+00
4.482752240029464375e+00 4.960040569305419922e+00
2.145027539189659826e+00 1.722906827926635742e+00
2.243807433559852349e+00 1.854525923728942871e+00
1.881611228752782417e+00 1.350732207298278809e+00
7.650409506257724424e+00 1.044833660125732422e+01
5.664523813436620259e+00 6.742176055908203125e+00
2.879844029154750018e+00 2.719870805740356445e+00
4.040163728748145111e+00 4.338639736175537109e+00
3.680394664080977485e+00 3.835578680038452148e+00
3.782090195412362466e+00 3.972773790359497070e+00
9.226521313256490942e+00 1.368695163726806641e+01
2.528508469373190071e+00 2.244777202606201172e+00
3.834155812183902334e+00 4.041881561279296875e+00
2.095788846733589672e+00 1.651508092880249023e+00
3.652946283995699872e+00 3.793264389038085938e+00
2.032463946098291174e+00 1.563370347023010254e+00
3.015397635967670187e+00 2.910084247589111328e+00
5.247049653327469976e+00 6.097482204437255859e+00
3.932883905862730067e+00 4.184189319610595703e+00
2.905129424848572839e+00 2.762982368469238281e+00
4.880938266700164618e+00 5.549839973449707031e+00
1.959114208756223219e+00 1.467680573463439941e+00
4.261360317019020627e+00 4.642643928527832031e+00
7.617897653865094654e+00 1.037327766418457031e+01
3.954467299712045136e+00 4.212176799774169922e+00
4.352165930915272263e+00 4.780332565307617188e+00
3.354627912071469709e+00 3.373912334442138672e+00
4.104951083739635465e+00 4.422590255737304688e+00
7.943665158423376838e+00 1.106269359588623047e+01
5.731035681110412838e+00 6.848409175872802734e+00
6.999176752875925445e+00 9.091026306152343750e+00
4.402840814218764720e+00 4.854265689849853516e+00
5.613222479236520179e+00 6.664062976837158203e+00
2.569823786984100078e+00 2.302503824234008789e+00
4.595626802933630017e+00 5.125496387481689453e+00
7.228386781188610222e+00 9.552388191223144531e+00
2.599714571937192353e+00 2.338801383972167969e+00
2.625134226526927517e+00 2.373272180557250977e+00
4.524222050626957703e+00 5.028586864471435547e+00
2.670008095268419979e+00 2.442535877227783203e+00
3.174410796792289879e+00 3.125671863555908203e+00
3.499546012694859876e+00 3.576771497726440430e+00
2.568816906314237869e+00 2.299813270568847656e+00
4.154100421665985365e+00 4.498866558074951172e+00
1.032683066756127843e+01 1.536194515228271484e+01
8.111466329239982898e+00 1.140300369262695312e+01
3.703467906943664900e+00 3.868985414505004883e+00
4.126727521428854573e+00 4.449661254882812500e+00
3.527590945105157694e+00 3.620493888854980469e+00
4.859830856296242452e+00 5.516602039337158203e+00
3.590726449629570105e+00 3.694239854812622070e+00
3.527793778824712234e+00 3.615442752838134766e+00
3.340861596534622446e+00 3.354928016662597656e+00
3.382480944825662306e+00 3.423583745956420898e+00
3.293344874261222355e+00 3.293954610824584961e+00
2.920343173772587342e+00 2.775743246078491211e+00
2.301310148898365160e+00 1.941245079040527344e+00
4.266292090257664427e+00 4.659195423126220703e+00
3.407120099930782686e+00 3.462922573089599609e+00
7.428104782105549475e+00 9.970612525939941406e+00
2.588826499448214857e+00 2.319183111190795898e+00
6.297414908731060024e+00 7.797894477844238281e+00
2.705634062075525037e+00 2.489531755447387695e+00
6.580613519021622615e+00 8.292980194091796875e+00
3.907741456012967518e+00 4.146818637847900391e+00
1.555266830493668762e+00 9.088225960731506348e-01
3.169280596634374891e+00 3.125478267669677734e+00
4.584133462779634627e+00 5.113928794860839844e+00
2.940293201998165351e+00 2.809329509735107422e+00
4.568554824772415479e+00 5.090559482574462891e+00
3.723362352807430220e+00 3.893486022949218750e+00
2.281653810442472174e+00 1.903301239013671875e+00
4.628641398448557709e+00 5.175274848937988281e+00
3.862728087042447633e+00 4.085757732391357422e+00
4.839829418284931961e+00 5.497169494628906250e+00
4.140996751672382459e+00 4.474308967590332031e+00
3.424279248197792391e+00 3.470415830612182617e+00
7.106321676519955055e+00 9.303554534912109375e+00
3.281128649135159669e+00 3.275245428085327148e+00
3.356535790310075207e+00 3.384682893753051758e+00
3.508217687442105159e+00 3.594473600387573242e+00
3.216224575814619957e+00 3.190142631530761719e+00
5.487947636422065401e+00 6.473588466644287109e+00
3.074766760361784979e+00 2.991829633712768555e+00
4.625259769471989912e+00 5.172262191772460938e+00
4.668455392120392844e+00 5.241747856140136719e+00
4.542265076174247795e+00 5.054821491241455078e+00
4.239431750637737473e+00 4.611814022064208984e+00
5.397173743329069850e+00 6.327547073364257812e+00
3.712283895341439877e+00 3.876054763793945312e+00
3.746002526621177608e+00 3.925788640975952148e+00
3.172479808614062424e+00 3.119735240936279297e+00
6.419727966672037489e+00 7.998920917510986328e+00
3.324120200968264882e+00 3.334576368331909180e+00
8.666795543081008191e+00 1.255336284637451172e+01
2.542357560060479749e+00 2.265417337417602539e+00
2.774761490602252412e+00 2.579431056976318359e+00
6.372602514711434907e+00 7.928803443908691406e+00
3.471352332650662564e+00 3.546047449111938477e+00
2.841948004370534964e+00 2.678343534469604492e+00
3.065364932712837387e+00 2.976240396499633789e+00
3.672407448041330014e+00 3.825434446334838867e+00
3.256377433208620165e+00 3.239651441574096680e+00
3.501930404585137602e+00 3.583957910537719727e+00
3.853169724609742275e+00 4.073221683502197266e+00
5.286918635963697710e+00 6.159407615661621094e+00
2.693472145233229753e+00 2.470955133438110352e+00
5.280896367585157236e+00 6.156928539276123047e+00
5.905124331479600031e+00 7.131642341613769531e+00
5.964664310161239769e+00 7.225974559783935547e+00
4.127555537163835275e+00 4.453375339508056641e+00
3.641797346469052510e+00 3.775199174880981445e+00
4.302661783485627112e+00 4.709581375122070312e+00
1.105540213791858406e+00 2.811281085014343262e-01
5.344456416530805498e+00 6.255662918090820312e+00
6.836804866807950631e+00 8.778744697570800781e+00
3.008348226583907437e+00 2.904074668884277344e+00
3.815588791015779968e+00 4.018319606781005859e+00
2.618137165392739885e+00 2.365016460418701172e+00
5.069428323194337338e+00 5.833142757415771484e+00
4.852315185508925488e+00 5.505070686340332031e+00
4.335918888650737379e+00 4.750730991363525391e+00
3.162271028612552382e+00 3.110110998153686523e+00
4.421644337745172848e+00 4.877642631530761719e+00
4.605587700478435131e+00 5.140691280364990234e+00
3.983720083393257561e+00 4.250741004943847656e+00
3.925994558465407458e+00 4.169376373291015625e+00
4.650939315381980244e+00 5.213629722595214844e+00
2.700819177573082541e+00 2.475547075271606445e+00
3.841079649426782705e+00 4.056256294250488281e+00
4.771028820009210136e+00 5.381655693054199219e+00
2.727125883627457448e+00 2.515732049942016602e+00
4.841163922886540405e+00 5.494752883911132812e+00
5.805680150903882897e+00 6.972690105438232422e+00
6.254723399571989972e+00 7.722231388092041016e+00
6.951101525756714139e+00 8.997413635253906250e+00
2.794472171791487547e+00 2.616552591323852539e+00
3.268297749650519890e+00 3.262760400772094727e+00
2.431401927158802323e+00 2.111700296401977539e+00
2.773754142973742454e+00 2.583205461502075195e+00
7.879549135388417724e+00 1.092491436004638672e+01
4.778777818834710089e+00 5.400441169738769531e+00
3.011011882097419878e+00 2.904360055923461914e+00
4.303942315622506953e+00 4.701957225799560547e+00
8.366719454210663542e+00 1.193824195861816406e+01
2.406851069051629821e+00 2.076005935668945312e+00
2.995642409709987852e+00 2.887073516845703125e+00
3.891955208739549921e+00 4.130892753601074219e+00
5.926902326026977086e+00 7.161789417266845703e+00
2.885882720757579900e+00 2.730279207229614258e+00
2.779459946626610112e+00 2.592793941497802734e+00
2.614463431941164817e+00 2.357150077819824219e+00
7.186943891808194707e+00 9.477876663208007812e+00
2.848772948608082611e+00 2.680574893951416016e+00
1.772428829592584076e+00 1.209205508232116699e+00
9.585058137813909696e+00 1.435242748260498047e+01
3.421535002766835198e+00 3.473881244659423828e+00
2.923408003385319809e+00 2.774429082870483398e+00
2.515684909184242812e+00 2.229563951492309570e+00
1.802509300231008194e+00 1.252763390541076660e+00
3.550844871432097705e+00 3.647013664245605469e+00
3.751736607802492518e+00 3.930992364883422852e+00
1.069051085618074204e+01 1.566344070434570312e+01
5.688120793810467646e+00 6.778126239776611328e+00
1.498885703001885172e+00 8.260239958763122559e-01
2.607509789672745271e+00 2.354157209396362305e+00
4.553431213582432413e+00 5.068129062652587891e+00
5.573894819526601374e-01 -4.995203316211700439e-01
3.576655668449590042e+00 3.683812618255615234e+00
3.263416007865432622e+00 3.253102064132690430e+00
5.727649766203872339e+00 6.844431400299072266e+00
4.530694335759717362e+00 5.031301498413085938e+00
3.556022302702605220e+00 3.658808231353759766e+00
3.574001493097689774e+00 3.686927795410156250e+00
4.684062129635462313e+00 5.261659622192382812e+00
2.445464150294465178e+00 2.135609149932861328e+00
5.443320204719920063e+00 6.410420894622802734e+00
5.256045897931007183e+00 6.105568885803222656e+00
2.853990850534994905e+00 2.685522317886352539e+00
2.954044150680227521e+00 2.827905416488647461e+00
2.784295116518997304e+00 2.591486930847167969e+00
4.477911398988979386e+00 4.964213848114013672e+00
4.787453430434375434e+00 5.414535999298095703e+00
3.366754126847742334e+00 3.399665355682373047e+00
4.728274499976377498e+00 5.319670677185058594e+00
4.603200641737902998e+00 5.135909080505371094e+00
2.351331191124200082e+00 1.999134778976440430e+00
4.977417170660859647e+00 5.696359157562255859e+00
8.101824588461976617e+00 1.138546371459960938e+01
3.264965842202425250e+00 3.248186588287353516e+00
3.706913387099185275e+00 3.863479852676391602e+00
3.374175600238252137e+00 3.401894330978393555e+00
7.339829952726150131e-01 -2.535752356052398682e-01
4.841219470370267786e+00 5.493721485137939453e+00
2.484456414476322372e+00 2.179099321365356445e+00
1.347931656187258742e+00 6.195503473281860352e-01
6.035939829764902953e+00 7.344563007354736328e+00
3.020340492242739927e+00 2.926354885101318359e+00
2.430109467726257577e+00 2.108345746994018555e+00
2.788694069714767743e+00 2.602716922760009766e+00
4.143291650252485248e+00 4.477706432342529297e+00
4.447743357810289844e+00 4.917822837829589844e+00
3.909394845311947364e+00 4.151696681976318359e+00
4.526392061409055145e+00 5.030181407928466797e+00
2.010890510606187398e+00 1.537729978561401367e+00
3.900660262561572722e+00 4.138502120971679688e+00
4.837057505358050236e+00 5.487869739532470703e+00
4.417283553765182447e+00 4.875478744506835938e+00
3.667385396615502557e+00 3.812746524810791016e+00
3.943255986178282324e+00 4.201359272003173828e+00
7.831467495284377023e+00 1.082487487792968750e+01
3.552295762045269978e+00 3.654404401779174805e+00
4.129223356732717676e+00 4.460584163665771484e+00
3.935819578421622111e+00 4.191370487213134766e+00
2.682651031801007502e+00 2.458668470382690430e+00
4.483757346701939817e+00 4.973404407501220703e+00
4.680581295161972299e+00 5.256587028503417969e+00
1.596290788188885035e+00 9.747557044029235840e-01
5.107344099763022172e+00 5.887394905090332031e+00
4.402618345623592333e+00 4.842960357666015625e+00
2.879703596472087845e+00 2.725353002548217773e+00
3.931478301803549957e+00 4.179137706756591797e+00
3.553478518038867495e+00 3.650581121444702148e+00
3.300216278595930142e+00 3.306559085845947266e+00
4.173371402901650207e+00 4.519371509552001953e+00
4.975132530139124931e+00 5.694773197174072266e+00
3.062947442259119857e+00 2.973118543624877930e+00
2.630681970828784966e+00 2.389543294906616211e+00
2.585197272713764871e+00 2.314053535461425781e+00
4.196743226530212034e+00 4.551350593566894531e+00
8.498201605495035338e+00 1.221376705169677734e+01
3.522285092034392662e+00 3.604714870452880859e+00
4.690418518903888057e+00 5.272008419036865234e+00
7.586462526559727415e+00 1.030444526672363281e+01
1.262398014668665880e+01 1.547779560089111328e+01
2.803502387896269710e+00 2.616688489913940430e+00
1.370412557806192311e+00 6.478655934333801270e-01
3.159665531968062435e+00 3.106632947921752930e+00
2.892934206781437645e+00 2.741736650466918945e+00
2.659846106417889988e+00 2.426059007644653320e+00
3.066723802504744967e+00 2.977272987365722656e+00
2.936323661963357701e+00 2.805536270141601562e+00
3.420812428306494901e+00 3.471433162689208984e+00
3.158085281450905057e+00 3.101538658142089844e+00
2.758543496555545094e+00 2.562244653701782227e+00
4.341404888740452606e+00 4.771068096160888672e+00
1.012088344031313447e+01 1.513376140594482422e+01
6.231258519550655350e+00 7.678997039794921875e+00
2.987621507364117246e+00 2.871114730834960938e+00
2.392045137632210050e+00 2.053008317947387695e+00
1.912922855861167504e+00 1.403374791145324707e+00
6.792648741218407338e+00 8.688194274902343750e+00
3.718549369332619925e+00 3.889165401458740234e+00
3.049638019619967721e+00 2.955735206604003906e+00
3.955247690619734691e+00 4.215357303619384766e+00
4.467318692296725402e+00 4.937162876129150391e+00
4.328581376271777970e+00 4.741091251373291016e+00
2.025862746519727420e+00 1.558961153030395508e+00
7.762607482486612476e+00 1.067999649047851562e+01
3.997436672433392513e+00 4.273905277252197266e+00
3.907742263686607487e+00 4.149273395538330078e+00
3.176440431323900082e+00 3.134788274765014648e+00
2.518303822844107476e+00 2.231179237365722656e+00
4.333068784490071934e+00 4.751111030578613281e+00
4.876664766261712636e+00 5.547809600830078125e+00
3.049215457798089890e+00 2.952241182327270508e+00
2.352449427930177528e+00 2.005789518356323242e+00
3.094613941286239900e+00 3.018836259841918945e+00
4.175591244526097867e+00 4.523267745971679688e+00
4.455053142508842434e+00 4.924707889556884766e+00
5.089140088824180452e+00 5.865130424499511719e+00
3.065870157834137633e+00 2.984953403472900391e+00
3.256889133949257165e+00 3.245027303695678711e+00
3.707214390594877340e+00 3.868350028991699219e+00
8.726283987437998491e+00 1.267516231536865234e+01
3.854705445617669923e+00 4.074538707733154297e+00
3.228106730650792677e+00 3.206898450851440430e+00
2.239645835423250020e+00 1.852055311203002930e+00
3.217274633823907326e+00 3.190910339355468750e+00
5.032271464002610273e+00 5.771642208099365234e+00
3.808560354333162312e+00 4.005217075347900391e+00
3.748504233665657548e+00 3.927428245544433594e+00
3.205086631000392483e+00 3.174798011779785156e+00
7.037701577379834816e+00 9.162682533264160156e+00
5.916544901141739921e+00 7.150536537170410156e+00
2.995809825550942662e+00 2.884423732757568359e+00
6.035356931433380367e+00 7.339716434478759766e+00
4.737112686329477462e+00 5.337160587310791016e+00
1.128191438448732153e+00 3.054778873920440674e-01
4.424246351080762807e+00 4.878224372863769531e+00
3.026377921001490279e+00 2.931750297546386719e+00
2.021148902851179763e+00 1.549393415451049805e+00
2.543314663303622325e+00 2.261197805404663086e+00
9.404985336034862087e+00 1.403473567962646484e+01
4.555397453099947924e+00 5.062273979187011719e+00
4.017181302225247386e+00 4.301825523376464844e+00
2.823059572042439846e+00 2.648700237274169922e+00
4.114922956578882740e+00 4.433982372283935547e+00
4.788419586917849635e+00 5.412260055541992188e+00
6.400782232265729732e+00 7.967753887176513672e+00
3.735668275465759969e+00 3.903619527816772461e+00
2.943333268097609867e+00 2.808043956756591797e+00
3.957245430142322551e+00 4.216262340545654297e+00
2.869733327929994804e+00 2.708714008331298828e+00
5.062056382179942915e+00 5.813536643981933594e+00
4.978110272862730667e+00 5.690732479095458984e+00
5.766246985514887236e+00 6.904777050018310547e+00
3.618977472844759902e+00 3.745341062545776367e+00
3.936652058905882434e+00 4.191630363464355469e+00
9.682065270760478626e+00 1.450803089141845703e+01
6.068648972729862479e+00 7.403539180755615234e+00
3.787751192430352631e+00 3.978032827377319336e+00
2.922289425981585254e+00 2.787863731384277344e+00
6.854907581113000248e+00 8.813241958618164062e+00
3.360039047298959858e+00 3.386249542236328125e+00
4.334307841633617819e+00 4.746185779571533203e+00
2.958718148860097319e+00 2.839299678802490234e+00
4.328790634409689808e+00 4.744503974914550781e+00
4.019645707164052340e+00 4.307841777801513672e+00
3.942241942276869970e+00 4.193342208862304688e+00
5.755808197720409858e+00 6.887229442596435547e+00
2.697564439711857442e+00 2.466347217559814453e+00
3.581048813279497534e+00 3.696409702301025391e+00
4.865129085645675033e+00 5.529843807220458984e+00
1.715290375817411839e+00 1.133593201637268066e+00
6.562195484555489955e+00 8.261582374572753906e+00
2.301039537856354844e+00 1.928501248359680176e+00
2.909999174506397779e+00 2.771895885467529297e+00
2.140066800910267464e+00 1.713233351707458496e+00
3.570955410246050121e+00 3.674850463867187500e+00
3.507294124399617630e+00 3.589795827865600586e+00
2.588692286831102418e+00 2.322232484817504883e+00
5.441854047011790207e+00 6.402440547943115234e+00
4.474381307108689754e+00 4.955072879791259766e+00
7.220427876107267551e+00 9.537254333496093750e+00
5.596497750288475181e+00 6.644661426544189453e+00
3.207928310789094795e+00 3.169681787490844727e+00
3.427330423164384854e+00 3.478524923324584961e+00
3.626157477509065252e+00 3.752644062042236328e+00
3.874719634813915015e+00 4.101119518280029297e+00
3.257159638266132529e+00 3.247886657714843750e+00
2.047839260714265031e+00 1.579198598861694336e+00
2.197941359440014786e+00 1.793965458869934082e+00
4.816612742002102543e+00 5.450314998626708984e+00
3.827125688628219891e+00 4.030600070953369141e+00
6.716010095344180364e+00 8.557188987731933594e+00
3.406175024539850327e+00 3.449494600296020508e+00
6.117831771050692424e+00 7.476316928863525391e+00
2.530999476435664697e+00 2.247925043106079102e+00
3.251603396155632542e+00 3.231812000274658203e+00
3.920932440469250047e+00 4.163298606872558594e+00
1.484941004300755818e+00 8.030085563659667969e-01
6.453711634296189992e+00 8.070064544677734375e+00
4.307548345309459847e+00 4.715543270111083984e+00
7.113999802606427281e+00 9.320530891418457031e+00
5.068956979949915009e+00 5.835766315460205078e+00
6.077446967181390214e+00 7.411545753479003906e+00
3.769658498122712587e+00 3.957244634628295898e+00
2.477026208827847853e+00 2.175564765930175781e+00
2.971852980315535131e+00 2.847898244857788086e+00
1.866051643945542349e+00 1.338361382484436035e+00
2.419475632269227461e+00 2.091846227645874023e+00
5.551169315802280124e+00 6.567547798156738281e+00
5.788941100288862884e+00 6.935853481292724609e+00
6.397266005633232666e+00 7.962083816528320312e+00
3.177496018100137487e+00 3.138600587844848633e+00
6.508360134876537195e+00 8.171524047851562500e+00
2.068180725113317298e+00 1.608634829521179199e+00
3.152445705352527661e+00 3.099858760833740234e+00
4.897402396836012528e+00 5.574641704559326172e+00
4.057224081780157476e+00 4.362984180450439453e+00
5.112448790482459593e+00 5.901112556457519531e+00
3.032670285251512610e+00 2.939722061157226562e+00
3.378030949710922215e+00 3.409165382385253906e+00
3.670526277023297812e+00 3.821149826049804688e+00
5.534606005550554819e+00 6.544950485229492188e+00
3.036763405470462640e+00 2.936007022857666016e+00
5.469973272276839715e+00 6.447370052337646484e+00
5.174713389862589885e+00 5.993355274200439453e+00
4.155129340775222779e+00 4.494109630584716797e+00
2.943681866607129827e+00 2.808785438537597656e+00
4.370776324389372469e+00 4.807626724243164062e+00
2.572245469560897391e+00 2.301065683364868164e+00
2.705276835728669838e+00 2.487114429473876953e+00
3.135215529554202796e+00 3.084810733795166016e+00
4.090931633367333120e+00 4.407536029815673828e+00
6.398922563582035039e+00 7.966536998748779297e+00
2.345620791537069927e+00 1.990261793136596680e+00
4.291631851369229977e+00 4.687955379486083984e+00
3.287550441279827318e+00 3.288022279739379883e+00
3.158530275331327353e+00 3.112939596176147461e+00
3.372487452384032469e+00 3.405205726623535156e+00
5.055765560903607181e+00 5.816584587097167969e+00
2.033489768358029970e+00 1.559532523155212402e+00
5.797862919741837651e+00 6.950667381286621094e+00
2.527471449691132577e+00 2.240784883499145508e+00
4.481532857931144420e+00 4.956393241882324219e+00
5.881652120329545319e+00 7.092924118041992188e+00
5.153600317594912994e+00 5.946032047271728516e+00
2.752721261754409898e+00 2.554770946502685547e+00
3.642595957478584889e+00 3.783208131790161133e+00
4.965825554820812116e+00 5.670937538146972656e+00
2.734071266905969910e+00 2.525121450424194336e+00
9.189726688996096016e+00 1.360622310638427734e+01
3.681660910938600040e+00 3.830372810363769531e+00
4.646705416611389694e+00 5.199154376983642578e+00
6.050509472937525501e+00 7.373678684234619141e+00
6.814220868112195184e+00 8.735326766967773438e+00
5.054355561642660533e+00 5.801280021667480469e+00
4.126010422399409627e+00 4.454106807708740234e+00
2.350938104477925172e+00 2.000802516937255859e+00
3.460833295465647552e+00 3.526937723159790039e+00
3.996855477822889746e+00 4.275063037872314453e+00
6.396838308769442705e+00 7.958850383758544922e+00
4.407238534966015031e+00 4.850829601287841797e+00
4.907905438443569857e+00 5.580259799957275391e+00
4.453430930344242533e+00 4.916201114654541016e+00
2.886386361646282595e+00 2.737890958786010742e+00
4.639338703150005294e+00 5.196889877319335938e+00
2.734604029485387500e+00 2.524079322814941406e+00
4.306311433369796937e+00 4.715764045715332031e+00
2.136210034872560115e+00 1.709258437156677246e+00
2.706608884944845084e+00 2.490861654281616211e+00
3.510218076617545258e+00 3.593680143356323242e+00
5.319085807730102644e+00 6.216658115386962891e+00
1.787600284985144450e+00 1.226173400878906250e+00
4.908547518040400348e+00 5.584275245666503906e+00
6.190623045038785577e+00 7.610686779022216797e+00
3.321291412995077685e+00 3.330397844314575195e+00
3.057299451219759767e+00 2.966167926788330078e+00
7.019351810617992626e+00 9.131525993347167969e+00
3.910660822114599977e+00 4.149641036987304688e+00
3.122670434226214820e+00 3.055866241455078125e+00
3.363738856255920062e+00 3.394537210464477539e+00
2.351059734963227399e+00 1.997168660163879395e+00
4.025005336249810384e+00 4.315217018127441406e+00
3.013502847973277277e+00 2.913226127624511719e+00
4.251839020608924713e+00 4.627731323242187500e+00
2.404863913179102752e+00 2.075038194656372070e+00
3.766949518598347701e+00 3.951000928878784180e+00
2.989217184039844710e+00 2.876817226409912109e+00
3.727710205559862544e+00 3.901499986648559570e+00
6.578232326711642486e+00 8.291875839233398438e+00
2.504708093941800051e+00 2.204641342163085938e+00
2.627633670644572650e+00 2.386893510818481445e+00
4.043466667310104512e+00 4.344757080078125000e+00
4.015900537625483935e+00 4.297545433044433594e+00
3.590617808491004759e+00 3.709323406219482422e+00
3.304008151146449634e+00 3.313697099685668945e+00
3.635943758599339937e+00 3.780193328857421875e+00
2.658143694087379938e+00 2.421104669570922852e+00
3.138541257584952504e+00 3.084020137786865234e+00
4.367606257528089841e+00 4.801204681396484375e+00
2.982548671059355172e+00 2.857622623443603516e+00
4.913360485233384978e+00 5.602427482604980469e+00
3.691316042168462541e+00 3.845203876495361328e+00
4.551097952404517422e+00 5.058062076568603516e+00
3.190627753678737299e+00 3.149297714233398438e+00
2.052969810048227650e+00 1.590781569480895996e+00
4.635879286556972012e+00 5.181257247924804688e+00
3.434609564213777499e+00 3.494727373123168945e+00
2.602554393842420044e+00 2.343013048171997070e+00
4.445005295107477217e+00 4.915218353271484375e+00
7.020351967607512123e+00 9.145679473876953125e+00
4.635552612817097184e+00 5.187493324279785156e+00
6.138358210425069572e+00 7.516609191894531250e+00
2.730218471049032480e+00 2.518040418624877930e+00
6.075049971927702686e+00 7.401170253753662109e+00
2.661269722295487750e+00 2.428927421569824219e+00
3.209604584672687722e+00 3.170263290405273438e+00
2.213312200949829833e+00 1.813389420509338379e+00
3.417099600986380104e+00 3.464562416076660156e+00
3.097859068574997377e+00 3.016114711761474609e+00
5.264297676441332285e+00 6.131021022796630859e+00
5.052598236867027026e+00 5.809303760528564453e+00
3.355101491934834979e+00 3.383140087127685547e+00
4.163499037449887474e+00 4.497970581054687500e+00
1.421420742043994823e+00 7.267906069755554199e-01
8.760130055459134368e+00 1.274463176727294922e+01
4.520976299414057209e+00 5.020277976989746094e+00
3.479010417480977502e+00 3.553556442260742188e+00
2.074188641406105038e+00 1.622892856597900391e+00
4.642129930645359615e+00 5.196265220642089844e+00
2.244319407890267293e+00 1.859254240989685059e+00
1.149247877855392375e+01 1.593367385864257812e+01
4.472446453554890233e+00 4.951992988586425781e+00
4.734473923822692498e+00 5.333169937133789062e+00
5.031267820194837093e+00 5.768377780914306641e+00
2.830495631015540248e+00 2.664857625961303711e+00
5.295331351795876884e+00 6.173402786254882812e+00
2.772064336228334813e+00 2.565481185913085938e+00
3.094645272077402698e+00 3.016481399536132812e+00
4.379080364746210208e+00 4.812767982482910156e+00
3.354943650640070274e+00 3.382792472839355469e+00
2.500349938064652555e+00 2.204413652420043945e+00
2.604854400220807609e+00 2.347901821136474609e+00
2.369937813088232481e+00 2.025227308273315430e+00
7.378127158327394852e+00 9.871271133422851562e+00
3.541663785133605025e+00 3.639802217483520508e+00
3.203452729494597584e+00 3.179519891738891602e+00
4.184249377259590119e+00 4.536066055297851562e+00
2.645696214547732517e+00 2.409575462341308594e+00
3.134748027822107375e+00 3.071552038192749023e+00
5.532077936598555290e+00 6.528510093688964844e+00
3.047147552913347379e+00 2.958189010620117188e+00
4.127290596674614953e+00 4.455187797546386719e+00
2.545020569962805013e+00 2.271874189376831055e+00
7.456955894485594705e+00 1.003006267547607422e+01
4.373608942154030288e+00 4.801302909851074219e+00
2.388290636909102371e+00 2.060036897659301758e+00
4.648808801373817801e+00 5.206115722656250000e+00
4.327270768099352516e+00 4.739837646484375000e+00
7.990334963443655347e+00 1.115771007537841797e+01
3.451746027320012455e+00 3.514760732650756836e+00
1.731378537256990091e+00 1.149780988693237305e+00
3.955614873142125010e+00 4.215599536895751953e+00
3.187762640215490162e+00 3.149693489074707031e+00
4.644636165080572532e+00 5.202297687530517578e+00
7.015583224125622408e+00 9.128351211547851562e+00
3.185000827258885003e+00 3.138252496719360352e+00
3.943983084433712705e+00 4.199999332427978516e+00
7.092012408968744630e+00 9.274556159973144531e+00
6.831807130887474599e+00 8.774030685424804688e+00
3.605834025543542598e+00 3.732790946960449219e+00
4.265870097894515212e+00 4.652268409729003906e+00
2.293385987952464955e+00 1.923239469528198242e+00
2.412886188644497665e+00 2.083844900131225586e+00
5.063085342299552316e+00 5.826403141021728516e+00
6.107298384774082933e+00 7.454928874969482422e+00
5.475600313887465376e+00 6.460833072662353516e+00
2.452578454311280076e+00 2.152384281158447266e+00
2.757986057003242397e+00 2.558022975921630859e+00
4.410510666643895128e+00 4.852010726928710938e+00
3.767461277707164768e+00 3.954231262207031250e+00
4.166208905566262999e+00 4.506147384643554688e+00
5.499839916957432351e+00 6.491823673248291016e+00
4.322443793293067493e+00 4.734937667846679688e+00
4.510599904938182192e+00 5.004270553588867188e+00
4.518258223970607723e+00 5.018942356109619141e+00
3.569401960850442812e+00 3.676119804382324219e+00
3.792649448642922749e+00 3.995689630508422852e+00
1.907630867291425059e+00 1.384644985198974609e+00
4.960572584030580323e+00 5.667268276214599609e+00
8.638291438176796788e+00 1.249475288391113281e+01
3.179188356429659912e+00 3.135884284973144531e+00
7.026605476168497511e+00 9.152518272399902344e+00
3.198645335238429865e+00 3.165816783905029297e+00
4.144008380553169779e+00 4.483545780181884766e+00
3.626550927548567671e+00 3.756717920303344727e+00
3.464215821129339901e+00 3.525387287139892578e+00
3.807208344992617288e+00 4.014303684234619141e+00
2.380274731115589848e+00 2.042454957962036133e+00
4.855816391287762102e+00 5.513423442840576172e+00
4.553227367287000504e+00 5.076771259307861328e+00
2.637761468482917593e+00 2.396331548690795898e+00
5.674017544565360005e+00 6.758635520935058594e+00
4.115015021319459620e+00 4.432630538940429688e+00
2.118896772411027474e+00 1.686389803886413574e+00
6.087054601380481600e+00 7.428062915802001953e+00
2.422126020852697792e+00 2.101627588272094727e+00
2.602512824988387763e+00 2.344960689544677734e+00
3.421272349120125345e+00 3.467615842819213867e+00
4.899234647788793140e+00 5.571831703186035156e+00
2.943537027028504838e+00 2.814290285110473633e+00
2.936520913634884877e+00 2.793851613998413086e+00
2.330550152551539966e+00 1.971602320671081543e+00
3.899089627477620112e+00 4.144535064697265625e+00
4.501463972661104762e+00 4.988769531250000000e+00
1.724665061201631211e+00 1.141411423683166504e+00
3.020521559665597433e+00 2.917537212371826172e+00
3.015977840476775196e+00 2.910184860229492188e+00
4.482721081000142327e+00 4.960987091064453125e+00
3.196072235275092321e+00 3.164545059204101562e+00
5.862749319339547682e+00 7.057963371276855469e+00
2.376685106973552397e+00 2.033672571182250977e+00
3.500028350842959934e+00 3.580378293991088867e+00
6.660894060655997428e+00 8.440685272216796875e+00
4.495847391304660157e+00 4.987712860107421875e+00
3.575356611557760189e+00 3.687608718872070312e+00
5.397199144357927914e+00 6.321547031402587891e+00
1.418818315975207467e+00 7.192636132240295410e-01
3.171123403918877592e+00 3.123449087142944336e+00
3.977624627512382549e+00 4.249960422515869141e+00
4.689870872283437464e+00 5.268357276916503906e+00
1.033736448369816507e+01 1.536430168151855469e+01
2.542249072731938675e+00 2.267399549484252930e+00
8.313194267249084390e+00 1.183044815063476562e+01
7.801248142084080683e+00 1.076464939117431641e+01
6.966387062757552151e+00 9.030810356140136719e+00
4.042222573509317129e+00 4.339255809783935547e+00
4.896711611490488281e+00 5.572539806365966797e+00
4.663222264176584808e+00 5.222956180572509766e+00
4.057487219462279526e+00 4.361947059631347656e+00
4.620254860602182490e+00 5.163417339324951172e+00
3.078771763175910170e+00 2.996817588806152344e+00
6.910513551897299322e-01 -3.063970506191253662e-01
2.986576881259787264e+00 2.864277362823486328e+00
2.972493046679947515e+00 2.852103948593139648e+00
1.432731136622952262e+00 7.295624017715454102e-01
3.525073131180299857e+00 3.613825082778930664e+00
2.231691297472540025e+00 1.831761598587036133e+00
4.154519154833510086e+00 4.490492820739746094e+00
2.438038741584817259e+00 2.119962215423583984e+00
1.719931604221756061e+00 1.131925940513610840e+00
2.710169952784910130e+00 2.496228218078613281e+00
5.389309926728212297e+00 6.324814319610595703e+00
4.707836529097352951e+00 5.299067020416259766e+00
2.614450933193497306e+00 2.368426799774169922e+00
3.213377943601785081e+00 3.187120437622070312e+00
2.389182595534395048e+00 2.048403501510620117e+00
2.506079797445794899e+00 2.207711219787597656e+00
2.560294613357820381e+00 2.292096614837646484e+00
2.632451174509045089e+00 2.378242492675781250e+00
2.738642227605270207e+00 2.536798954010009766e+00
2.844797359067964937e+00 2.678218126296997070e+00
4.509531299317112385e+00 5.008522033691406250e+00
6.698857536454732475e+00 8.518718719482421875e+00
4.756503011075392529e+00 5.362535476684570312e+00
2.451787123456664830e+00 2.140080928802490234e+00
1.700644224187205067e+00 1.105023264884948730e+00
4.552462639590172166e+00 5.064682006835937500e+00
3.102770433052285171e+00 3.036215066909790039e+00
2.696502135979034875e+00 2.471743583679199219e+00
4.712871035078342707e+00 5.303945064544677734e+00
6.051282370423620272e+00 7.377171516418457031e+00
3.065801734011627477e+00 2.978611707687377930e+00
5.554847027241354596e+00 6.574362277984619141e+00
8.773398675066502506e+00 1.277389335632324219e+01
2.694269586082739920e+00 2.467581748962402344e+00
4.995391860233262094e+00 5.721760749816894531e+00
5.126175102503600201e+00 5.909784317016601562e+00
4.644276816337270297e+00 5.194635391235351562e+00
3.841606810782209891e+00 4.054254055023193359e+00
3.307665241104942311e+00 3.312321424484252930e+00
4.055872094964342978e+00 4.358658313751220703e+00
4.933701431658832348e+00 5.624033451080322266e+00
6.659784817168129756e+00 8.454818725585937500e+00
3.221385067779987565e+00 3.193232059478759766e+00
3.532868263935025066e+00 3.627875566482543945e+00
4.944387590420505241e+00 5.644939422607421875e+00
4.119436523708197129e+00 4.448103427886962891e+00
4.241762298013102672e+00 4.608187198638916016e+00
3.068798589117195164e+00 2.988872289657592773e+00
5.223699419286710111e+00 6.063585281372070312e+00
4.070889985222537533e+00 4.380487442016601562e+00
3.089709758484779911e+00 3.016483783721923828e+00
6.069622478440112268e+00 7.402723789215087891e+00
2.537947693882984801e+00 2.251295328140258789e+00
3.992848972181914924e+00 4.274825096130371094e+00
3.623779473102697324e+00 3.750449657440185547e+00
2.062847324605477262e+00 1.601860880851745605e+00
4.619623882021084427e+00 5.168101310729980469e+00
4.525683293718492095e+00 5.020965576171875000e+00
6.337610330625333077e+00 7.857464313507080078e+00
5.770688434451189508e+00 6.913087844848632812e+00
2.722520290946935262e+00 2.501932382583618164e+00
2.443309980701842576e+00 2.124733686447143555e+00
5.495796846490692111e+00 6.482658863067626953e+00
6.088313898502120125e+00 7.435331344604492188e+00
4.051509794698857192e+00 4.355845451354980469e+00
2.597495859517684913e+00 2.345352649688720703e+00
5.672993598215464672e+00 6.759201526641845703e+00
3.320072356930159785e+00 3.330616474151611328e+00
4.983371232003087847e+00 5.695456504821777344e+00
1.276586752441019268e+00 5.209444761276245117e-01
3.814561152702309776e+00 4.023219108581542969e+00
3.319986742410767633e+00 3.331533670425415039e+00
2.312693265430644907e+00 1.947969913482666016e+00
4.548742143748147448e+00 5.052915096282958984e+00
3.506297646381207223e+00 3.588309288024902344e+00
