3.15788812782955
3.80865559573462
4.43456453072268
4.43175227355829
2.53422176508726
4.87618422258741
6.82961742738325
3.67106565350715
4.19695225330352
2.97607222346223
3.23458738482347
3.06380063563289
4.93963025992846
3.52642724062418
5.04287869666576
3.35108254862154
3.60383497413892
8.12459438475598
3.28708026067888
4.38222371808854
5.34199824336354
2.24143101831022
4.18244458478403
2.08528745960605
2.74869306544796
3.16111436271136
1.5612860200803
3.52212457821237
4.62529645383437
4.14413584535984
3.35562287437079
3.52954859823294
3.79719038659068
3.317199662885
4.00676658802881
4.84827548663175
5.29675828613806
2.90742316611067
4.16613170636682
3.71371064833271
5.42975805979017
4.05116733329116
4.91132074262683
3.94518150902562
4.51734305206335
4.7769329762505
2.66219909372538
3.39463339297553
5.03121695321715
3.28863190132707
3.49686325066182
4.9901372251303
3.64537289400532
2.94923234097441
2.59932862159516
2.14699732256789
3.04563211463771
4.1179973842421
4.33305902575777
3.44715001783494
5.54875886962383
3.49694756802742
4.37092404435179
3.52629757559006
3.45165816480829
4.1274068322628
3.69736758111148
4.58407067160339
2.68763601195614
4.80081244543885
3.57892462516187
4.53407682882883
3.70315936421384
3.25068705618411
3.4510418082787
4.49745786943114
4.62260200669938
3.14680131233049
3.92953928599552
6.82671836502434
3.47841263447313
3.08642963895711
4.10487621007296
3.07740773988474
4.86727962602828
3.2387373477437
5.48913454637744
3.44835007994931
2.90128798146504
3.08887249066443
3.04451414479904
2.57587444199703
4.28265691085943
5.01774914581366
4.39722011073208
4.24387615757963
3.7232851021839
3.55925859995587
4.54033887478684
3.92710256428733
3.26493671719321
3.11907714631143
3.31284951192152
7.91601099951441
5.34451441839175
4.07521123492497
2.7145268862279
3.81424071132564
5.82978568286395
4.49985491887127
7.60189596072018
5.24847585889353
3.59754833699003
3.44692025782157
2.50822430687784
1.8911206461646
3.86498560674098
2.10172557462786
3.96546715002638
3.20760807638546
7.59878903236578
4.07507943793503
3.73852607948535
3.53483494361554
4.31194406470419
4.35180445167105
4.11896059092876
3.35354030933202
3.65558299030119
4.13103591471456
4.64081715007281
3.03482833612414
2.04196216979974
4.38261678743469
5.49993158931165
3.97319121359784
3.81865475872202
3.44705309695508
7.99315084740468
3.34201042127062
3.92293448513249
4.65734235396082
2.68371772292212
4.01710716646467
3.99533434498748
3.98155095235104
3.47570761153825
4.35451665111903
2.51180806994501
5.77956175100516
3.95010490395883
4.00391724572724
3.4807116380206
4.07831230329616
3.82869592893277
3.23884364853849
4.29800286940815
2.36243448593651
3.84112902753014
3.17853464559559
3.13634498164597
7.65364348765939
3.96498824537024
4.67109222898938
7.13056616177736
2.88873254637611
2.87396661368184
3.47688024462408
4.82854560205997
3.28557578361857
4.52331355229578
4.07725159223708
4.66805111428312
3.23413616451008
3.49565737687341
5.3718103540808
3.6277663149219
5.49296851762338
4.69706656005789
4.03982214513191
3.11534352675364
2.37587972607051
4.21921153993481
3.55320101048145
5.5205996447959
3.12880633503326
4.28832780167801
3.81083419657922
5.64160410096749
4.09456449941018
4.38594170249816
3.29347887153735
2.75250400072922
6.35332622778929
3.37245390724362
3.70942410273403
2.88629532734177
4.09348669099753
3.04337154663466
5.28595313435959
2.75877433847102
3.13677891418513
3.96085661229285
3.13289714820524
3.15367650977162
4.11548126993413
4.18835246561309
2.43982944855973
3.00406973707928
4.16396428365591
4.87958566466219
2.19480216132723
4.11808701324659
6.50794822395906
5.04237524578211
3.43805812620168
5.12180360036007
7.02862406967717
6.96042013433663
2.91100554461856
3.21486033984597
2.18793587616939
2.83551857805644
3.78776011153752
6.7825617643473
3.30415007400408
4.15435683777577
3.07072158731309
3.81249468613026
6.97462914107147
3.20209615522482
2.73792932622521
3.33236285145866
5.21942199041509
3.57340114179714
5.08017738070527
4.46223775709764
3.99548800621914
3.00206079205227
3.79989365309888
3.68920807703441
3.88794783657106
5.4969833179514
2.64932912674892
3.89939523403591
2.80858688201041
4.4429804968268
2.87148001874877
4.53814004128549
5.18478377106212
4.6409309528937
5.37034621150662
4.18283945494955
2.92394876200206
4.49931466876693
3.17680325736154
2.97785917671665
3.42511612296363
3.59886701883427
5.05033058172126
4.0853318873454
3.21146777925288
3.1084759157195
4.01370087233087
5.14625688587789
3.07112157490088
2.2788490988084
4.58903586383725
4.1021012339974
3.17979050375187
2.7250562331954
2.82665187135764
3.52790550917685
2.50938122901891
3.2553729341375
3.05208078654586
2.94159578946527
2.87105111851966
3.88362879021505
4.17938684161708
1.96100908540745
3.26670969992489
6.09624923716002
3.19752703334073
3.31293403954309
2.56986245562576
4.00273334915124
3.68487282987025
3.08554387144034
2.27533555609065
3.71997348911553
2.88599785011968
7.30218615316466
3.13760260405024
4.2560189374285
4.273699077337
2.39574382999966
2.54181222189032
2.22521188391182
6.71401903225389
5.46689097468235
3.19057894274289
4.13049738273059
3.92491687901161
3.72599359084059
7.60238864930149
3.06924656409545
3.8159556612977
2.42133823800668
3.95897848151858
2.10182670618045
3.19952269973596
5.49745275940964
4.13998614861466
2.92602954474718
4.60271748772546
2.42682837157957
4.18361078959501
7.08818259308558
4.12935598788382
4.25780216708463
3.47627665915713
4.23316119900372
7.7088935509704
5.45854684445315
6.35818419996429
4.32757261387736
5.09482618977512
2.92878476414928
4.61936657147395
6.9243609614872
3.2036278386954
3.12737504347364
4.77263217231265
3.02093149145107
3.23228954144611
3.39233344048651
2.79926033286597
4.11144134836848
8.08753229674322
7.18377818435658
3.93897767733001
4.35170793011165
3.67924218506822
4.3694392995197
3.7529379171015
3.52609741624112
3.56939955831785
3.34678684961253
3.6393792587386
2.94061395988586
2.7524433564015
4.37470856000461
3.22950106233454
7.37013263183058
2.62516809362144
6.55516609245843
3.16950431970761
6.69404145372189
3.82665332166615
1.75114014120905
3.36807027798118
4.37703626778367
3.1643639414305
4.33395093256103
3.78223270506861
2.69954079764611
4.22321069154447
4.01726350755991
4.03241435341157
3.79359833871965
3.65909755543588
6.55674287920692
3.58396225508002
3.31034879370076
3.55926759754242
3.22790451991599
5.36534021717995
3.45757365662779
4.2252403509144
4.2635932316694
4.75705179980918
3.6850023067923
5.53505240646903
3.76863856137584
3.65323427803884
3.36944582339526
5.90325257999198
3.49823880765186
7.71576081779078
2.89108655365268
2.82164383286064
6.57805661534766
3.89290750893765
3.32269826812093
3.2290040148726
3.79865655079322
3.44673053504121
3.65519413309579
3.82138637858457
4.69137563777457
2.72560769165279
5.00136205748712
5.87174988551896
5.20065501640243
3.94074591379427
3.79020382332355
3.89893194365042
1.6242789555522
4.89220581734736
6.16041644137326
3.35328749177483
3.75591392193001
3.6411534812841
4.50190486286015
4.11358742488246
3.97902625815398
3.32649403442968
4.26816719877913
4.28315777526167
3.66962799366336
3.60159433787531
4.52271794554662
2.98585576964688
3.7450648968055
4.28587401798041
2.75710913281596
4.81748184897232
5.36985220415806
5.82390374493382
6.75272495181788
3.06384266384459
3.33482056849458
2.95269258307109
2.81493030843079
7.15272374179976
4.75145086505406
3.31740887401232
3.66746732718949
7.29669409965783
2.77013627544012
3.15989628319941
3.83508198181591
5.20662534187979
2.84570796773069
2.9197859244977
2.9295524700146
6.42504003425614
3.01476313670027
2.23090510683914
7.64780433985636
3.55667839559783
3.20517359152375
2.47691384558113
2.1415511457789
3.76013187600258
3.70086699354379
7.96882399459758
5.19646591540182
2.03206899716559
3.09953732954001
4.79551085781474
0.923598599182814
3.7497338259254
3.10539133804895
6.60756383658973
4.21624452041948
3.36764551992324
3.45003258900029
4.66875124767376
2.51400290590243
6.24449247429092
4.87870354676546
3.10944469828696
2.98362729233288
3.35315198782111
4.48257983350006
4.40366509147687
3.88809604955075
4.41941877626403
4.57390793140699
2.85113543522325
4.95429954574284
7.17266779857447
3.60080199783963
3.64956980486216
3.35955768420708
1.1043068340403
4.70316482007151
2.92876807791559
1.80875499526987
5.9055681358422
3.51157737534913
2.65042866917902
3.30418156190299
3.85198086256498
4.55776021653362
3.81043697706823
4.67782385986168
2.53304727607043
4.17895158531881
4.53614294140548
3.97538553435809
3.98490607029141
4.00534494277692
7.52437717037763
3.42179799751071
3.99777429302977
3.99387974112824
3.03373346964467
4.50385133042001
4.19558865280877
1.88755194365507
5.19731818425307
4.49213702737476
3.03522376178295
3.88623044958752
3.9312752083522
3.23163806696928
4.31087097288
5.10784372597151
3.74007956065579
2.93782538295229
3.05833411590314
4.03503672701753
7.2221928245411
3.78368612369963
4.35600212841957
7.06441024274346
8.72982820286767
3.29974723807233
1.75531625397909
3.17166068031541
3.19008803092559
2.72067273467289
3.33062475548585
3.37190847440346
3.40059709502848
3.02150557131546
3.1701209616859
4.10700278054769
7.63245360036312
5.57325980057197
3.16488473921617
2.79447424253186
2.41247206291105
7.13552977341015
3.98775886613965
3.59628971256056
4.19745835189213
4.66746111845784
4.2449633355815
2.5500015877594
7.17156589491037
4.27300821037741
3.9012289156446
3.34863550384529
2.63449243509618
4.47493576664197
5.08098085461722
3.47114313364197
2.83353602541972
3.47751001337355
4.26817027918968
4.58054325316981
4.45230916292347
3.20867682247716
3.43439242182607
3.48813481739029
7.24328159137827
3.3877893961845
3.4780562660283
2.64534400820013
3.2820145624515
4.77940960624827
4.04127997517878
3.99749891353264
3.55302202741702
6.51072586596551
5.18396807832243
3.37073203987266
6.30552706276145
4.33145829620297
1.31410916322878
4.11686067523599
3.16482341799701
2.4767257453078
3.06072628958944
7.97535824994892
4.42343611545321
3.42632156733205
3.15681047020526
4.36286988166069
4.5011701380937
5.94653669457054
4.05010537557603
3.25302814662257
3.62641903875501
3.25265846023166
4.43594072902387
4.50502043086327
5.27907445468786
3.88914645246971
4.19278620580214
7.67139009890161
5.56862605020337
3.94209256736057
3.25927067226716
6.3854029961382
3.18888072843441
4.22054718046848
3.40206744001039
4.44522303930855
3.54098191544733
3.96143903904297
5.25256032153246
3.18055492770972
3.90048039457473
4.61411677696027
2.0074470316794
6.3826419895509
2.64753063495653
3.1109244469086
2.606329417667
3.40767142455161
3.2690190493316
3.11467381294698
5.44376302073702
4.11499052909065
6.49898793599642
5.27039954129157
3.54382566172332
3.72759072025645
3.80592983138754
3.90412680249627
3.61115212422987
2.33444777037356
2.63579131324742
4.58055211514738
4.131223990433
6.41417422139831
3.36748297194903
6.03492236915971
2.77164503530889
3.37418610124964
3.41160465456112
1.6657879517355
6.45528907809733
3.8073912882143
6.58434293694635
4.54802285645638
6.1613910025595
3.95157581200339
2.90986004521998
3.25300741038745
2.29138306704279
2.67351142780184
5.30963578792735
5.32571348705629
6.14571343878201
3.57744174809924
6.11474599196811
2.48145621826763
3.57897918475404
4.89582170669527
3.92648075319587
5.28456640367165
3.25429076793987
3.55810971151696
3.75864511218579
5.17828338944663
3.32942626919973
4.60660625012189
5.02602226737554
4.39603994275317
3.27201734121997
3.81776831291481
2.81159622320131
3.17133410098968
3.31047606805733
4.22306316606425
5.67139778323189
2.67032184844961
3.91679706131203
3.51056181770272
3.44773730630779
3.48684033602886
4.51650781360521
2.18329097498766
5.30238611097071
2.85597229296012
3.95024427299052
5.46059111766104
4.70294555508304
3.2758345673837
3.96366466527922
5.23612153756558
3.10414664028923
7.43147736377602
3.95327521206693
5.17592346729347
6.22756007358562
5.75939134706393
4.69632962703903
4.39022432762192
2.74210400963789
3.80570501515951
4.25169875078985
6.39599247236478
4.45367486528748
4.47707095711531
4.22340777869791
3.35216988920087
4.68342430075814
3.16516786966991
4.60094596164983
2.27554351553804
2.99483220623285
3.4791447103827
5.17225369857616
2.24248059276649
4.63017182776687
6.25628376606378
3.72413757170957
3.51086261777289
6.58147372742008
4.17086956914826
3.53461957966651
3.21090927904003
2.54958521621793
4.04507160316133
3.43342285809071
4.00851646080462
2.56030008545972
4.01725781911275
3.52325826262883
3.79958920709748
5.67268116362534
2.86722900579765
2.93137784004717
3.9397132063961
4.21978276908694
3.75972569701067
3.38922582962542
3.80578102584616
3.00217576145303
3.38823844487192
5.50909095135369
3.22685313246126
4.58009829603552
3.74423175384402
4.62366720285207
3.69187379684692
2.57737773324818
4.60996824894086
3.4082617104576
3.05228922828366
4.12682614010716
6.48826740579432
4.19108513446619
6.14299880373226
3.16891481797778
5.41816632989301
2.87549895196402
3.54357563557927
2.63427043009565
3.77432965869355
3.54002486159491
4.75082704306795
4.73104884321895
3.23191608146841
4.24725032689105
1.57227095849501
7.51579188722888
4.36495900898637
3.77296975936973
2.41477766832895
4.72379704716495
2.69446787071288
8.16738223252544
4.57792291768847
4.83387906684732
4.48382972499592
3.17872325869501
5.37517449592307
2.92762051631452
3.2451073842665
3.99009975973993
3.32790111750833
2.898679500544
3.02986631858294
2.74991242597298
6.82459453969848
3.81043532482904
3.37474702817552
4.42141990684992
2.99762510726209
3.27104110594236
5.17967048408026
3.27587453637756
4.23656931847279
2.72836365909105
7.29760200928263
4.68542937323502
2.87832837821264
4.24599854874018
3.85440695761216
6.82388130669924
3.60313184194734
2.26021342691344
4.01050894806707
3.3877184656954
4.29002440304206
6.87995843006572
3.11855246007234
3.9067433937521
6.52898266124161
6.85320399614454
3.69740581443756
3.97954917545291
2.69522623353862
2.92208164393825
4.45910247419708
6.04841217458994
5.5589773912562
2.89127332880841
2.9481350517427
4.20944528483054
3.52610254811322
4.41380476917648
4.97183255991718
4.38385487122661
5.07473671804792
4.45818877150533
3.61568823345426
3.58369055531875
2.21334023884684
5.71520311288731
7.4818365525058
3.60137196036244
6.98976409609407
3.48514002612032
4.12178002214603
3.88716731919233
3.34394221018319
3.64665064567737
2.70424823914019
4.58960825279754
4.17956653210963
3.09083660673583
5.42582067120984
4.32736558863497
2.56171629255814
6.57790223747568
2.84820671097958
2.88504656524112
3.28030126049815
4.28853969289855
3.35877443528458
3.35598674632619
2.64426582904079
4.18284215385878
4.23253464490083
2.22575714099639
3.20195959148829
3.49708568740348
4.07970886203859
3.32792756855359
5.34377266162925
2.5820588667262
3.5220776250878
6.69217850861325
4.68803014601827
3.63743917904766
4.84224943133006
1.84087787381338
3.30302074408653
3.90145643400581
4.47038759185524
8.01410688045796
2.68456097958716
7.27969275936071
7.04431949536987
6.77258637229877
3.80057431809948
4.817326785014
4.5737742724936
4.31164069067112
4.34453984990803
3.51643991182118
1.1384273035308
3.3251244136018
3.28954746682665
1.82300989611556
3.74538102257416
2.63709539213231
3.84904443243643
2.593243577493
1.86176435100425
3.08483390043718
4.74590081517088
4.68558939749097
3.4983420769776
3.48452256831707
3.10391868897572
2.89208105679783
2.90024410890795
3.13802816087873
3.23810737610697
2.88179860929681
4.54164416508023
6.10482311061442
5.08921371983846
2.53512426179923
2.00506689570601
4.24640737268983
3.37774032035184
3.16579368758159
4.49456237593298
5.3133190877603
3.25725235859097
5.80453018813233
7.47321852529211
2.88501820593395
5.12525076756663
4.85906339827764
4.39322932205243
3.95513495735475
3.4390473412678
3.92960754720244
4.5478315444617
6.51399500655187
3.64297882760269
3.36563911986356
4.89201372468485
4.08235656409152
4.20411112975748
3.16227715666464
4.86216757822668
3.96741776355755
3.34999186788692
5.70219958747853
2.97029287662466
4.03348722810807
3.64047439631606
2.59075387082145
4.30378631947748
4.65588729188139
5.67139058606907
4.96236405273452
2.94772642495874
2.9975351805594
5.11693564967954
5.31632473850609
4.17732200244521
2.92259659641333
5.71128841630951
3.11093934248908
4.51029838816136
1.71671316139623
3.79726997907821
3.53751815272304
2.79710936273787
4.48423359234485
3.47536373296779
