-2.660434828226656556e+00 -2.129265948369644335e+00 -1.598097068512632335e+00 -1.066928188655620335e+00 -5.357593087986084468e-01 -4.590428941596255523e-03 5.265784509154158854e-01 1.057747330772428107e+00 1.588916210629439885e+00 2.120085090486452106e+00
-2.634304589420031206e+00 -2.168157831280198344e+00 -1.702011073140365705e+00 -1.235864315000532621e+00 -7.697175568606996476e-01 -3.035707987208669523e-01 1.625759594189659651e-01 6.287227175587989381e-01 1.094869475698631689e+00 1.561016233838464551e+00
-3.435788753334587664e+00 -2.892536924233686246e+00 -2.349285095132785717e+00 -1.806033266031884299e+00 -1.262781436930983325e+00 -7.195296078300821296e-01 -1.762777787291809062e-01 3.669740503717198732e-01 9.102258794726211244e-01 1.453477708573522209e+00
-3.470782097312909986e+00 -2.863948473742220724e+00 -2.257114850171531018e+00 -1.650281226600841089e+00 -1.043447603030151605e+00 -4.366139794594620094e-01 1.702196441112274750e-01 7.770532676819171813e-01 1.383886891252606555e+00 1.990720514823296261e+00
-2.873070274375623345e+00 -2.344347838399318817e+00 -1.815625402423014512e+00 -1.286902966446709984e+00 -7.581805304704054560e-01 -2.294580944941011780e-01 2.992643414822033776e-01 8.279867774585077944e-01 1.356709213434812211e+00 1.885431649411116739e+00
-2.914750383913663256e+00 -2.395813662004043110e+00 -1.876876940094423185e+00 -1.357940218184803260e+00 -8.390034962751833358e-01 -3.200667743655633557e-01 1.988699475440566522e-01 7.178066694536766601e-01 1.236743391363296585e+00 1.755680113272916509e+00
-3.136963899718518078e+00 -2.571087143293587118e+00 -2.005210386868656158e+00 -1.439333630443725420e+00 -8.734568740187945712e-01 -3.075801175938634446e-01 2.582966388310673489e-01 8.241733952559985310e-01 1.390050151680929380e+00 1.955926908105860118e+00
-3.677227221982624528e+00 -3.091876179009879877e+00 -2.506525136037136114e+00 -1.921174093064391908e+00 -1.335823050091647923e+00 -7.504720071189038277e-01 -1.651209641461597044e-01 4.202300788265843079e-01 1.005581121799328237e+00 1.590932164772072221e+00
-3.381467461655366158e+00 -2.788368982618676828e+00 -2.195270503581987498e+00 -1.602172024545298390e+00 -1.009073545508609504e+00 -4.159750664719203406e-01 1.771234125647693503e-01 7.702218916014583749e-01 1.363320370638147372e+00 1.956418849674836702e+00
-2.696402647888672899e+00 -2.125655854064097738e+00 -1.554909060239523022e+00 -9.841622664149479727e-01 -4.134154725903732008e-01 1.573313212342019318e-01 7.280781150587768424e-01 1.298824908883351670e+00 1.869571702707926830e+00 2.440318496532501769e+00
-3.674388655108767221e+00 -3.095361872305440798e+00 -2.516335089502114375e+00 -1.937308306698786842e+00 -1.358281523895460197e+00 -7.792547410921333295e-01 -2.002279582888064624e-01 3.787988245145205712e-01 9.578256073178472718e-01 1.536852390121173917e+00
-2.834555716764429967e+00 -2.302449174314631808e+00 -1.770342631864833427e+00 -1.238236089415035046e+00 -7.061295469652365542e-01 -1.740230045154382565e-01 3.580835379343599301e-01 8.901900803841581444e-01 1.422296622833956636e+00 1.954403165283754795e+00
-3.084521969341045278e+00 -2.537192049755520706e+00 -1.989862130169995913e+00 -1.442532210584471564e+00 -8.952022909989471033e-01 -3.478723714134224765e-01 1.994575481721018173e-01 7.467874677576264997e-01 1.294117387343150849e+00 1.841447306928674976e+00
-2.880080126270206708e+00 -2.235422027757288266e+00 -1.590763929244369823e+00 -9.461058307314512694e-01 -3.014477322185326602e-01 3.432103662943856159e-01 9.878684648073042807e-01 1.632526563320222612e+00 2.277184661833141277e+00 2.921842760346059276e+00
-2.918947545072322569e+00 -2.343609761981265027e+00 -1.768271978890207485e+00 -1.192934195799149943e+00 -6.175964127080925126e-01 -4.225862961703474169e-02 5.330791534740227933e-01 1.108416936565080224e+00 1.683754719656137988e+00 2.259092502747195308e+00
-3.301966192385050292e+00 -2.715602328058392967e+00 -2.129238463731735198e+00 -1.542874599405076985e+00 -9.565107350784191054e-01 -3.701468707517615031e-01 2.162169935748963212e-01 8.025808579015542010e-01 1.388944722228211859e+00 1.975308586554869628e+00
-3.126351804257989198e+00 -2.539379297113079303e+00 -1.952406789968169187e+00 -1.365434282823258849e+00 -7.784617756783487330e-01 -1.914892685334385891e-01 3.954832386114717213e-01 9.824557457563817264e-01 1.569428252901292176e+00 2.156400760046202514e+00
-3.225034171221288215e+00 -2.625322108565958157e+00 -2.025610045910628099e+00 -1.425897983255298040e+00 -8.261859205999680933e-01 -2.264738579446382016e-01 3.732382047106916900e-01 9.729502673660216372e-01 1.572662330021351584e+00 2.172374392676681421e+00
-3.400946495349692622e+00 -2.828197521894734834e+00 -2.255448548439777046e+00 -1.682699574984819257e+00 -1.109950601529861247e+00 -5.372016280749033479e-01 3.554734538005439176e-02 6.082963188350123396e-01 1.181045292289970128e+00 1.753794265744927694e+00
-2.739367616738979994e+00 -2.225429638364052387e+00 -1.711491659989125225e+00 -1.197553681614197618e+00 -6.836157032392701227e-01 -1.696777248643428493e-01 3.442602535105847017e-01 8.581982318855121417e-01 1.372136210260439526e+00 1.886074188635367133e+00
-2.884851224837639894e+00 -2.331744577004736474e+00 -1.778637929171832832e+00 -1.225531281338929634e+00 -6.724246335060264368e-01 -1.193179856731231558e-01 4.337886621597805692e-01 9.868953099926838224e-01 1.540001957825587242e+00 2.093108605658490440e+00
-3.497888230284725175e+00 -2.861876296936791686e+00 -2.225864363588857753e+00 -1.589852430240924264e+00 -9.538404968929903305e-01 -3.178285635450563973e-01 3.181833698028768698e-01 9.541953031508104699e-01 1.590207236498744514e+00 2.226219169846678003e+00
-3.030280432692073589e+00 -2.525922404068593696e+00 -2.021564375445114248e+00 -1.517206346821634577e+00 -1.012848318198154907e+00 -5.084902895746751250e-01 -4.132260951195444038e-03 5.002257676722841051e-01 1.004583796295763998e+00 1.508941824919243890e+00
-2.695624061682215800e+00 -2.162932248652606582e+00 -1.630240435622997586e+00 -1.097548622593388146e+00 -5.648568095637788167e-01 -3.216499653416979299e-02 5.005268164954395083e-01 1.033218629525048948e+00 1.565910442554657944e+00 2.098602255584267162e+00
-2.947716529910664018e+00 -2.390461318629936827e+00 -1.833206107349209857e+00 -1.275950896068482665e+00 -7.186956847877555843e-01 -1.614404735070283925e-01 3.958147377736986328e-01 9.530699490544257690e-01 1.510325160335152850e+00 2.067580371615879820e+00
-3.347344709576008270e+00 -2.778204073502878568e+00 -2.209063437429749310e+00 -1.639922801356620274e+00 -1.070782165283491016e+00 -5.016415292103615364e-01 6.749910686276776317e-02 6.366397429358969795e-01 1.205780379009026460e+00 1.774921015082155940e+00
-2.991583974104022658e+00 -2.492728912649434747e+00 -1.993873851194846614e+00 -1.495018789740259146e+00 -9.961637282856714570e-01 -4.973086668310836012e-01 1.546394623504002315e-03 5.004014560780917220e-01 9.992565175326795224e-01 1.498111578987266990e+00
-4.114461843468172120e+00 -3.471243787538493830e+00 -2.828025731608816429e+00 -2.184807675679139027e+00 -1.541589619749461626e+00 -8.983715638197836695e-01 -2.551535078901058795e-01 3.880645480395715219e-01 1.031282603969249312e+00 1.674500659898927157e+00
-3.255471092171299485e+00 -2.683847882794615725e+00 -2.112224673417931520e+00 -1.540601464041247759e+00 -9.689782546645637762e-01 -3.973550452878795158e-01 1.742681640888040784e-01 7.458913734654881722e-01 1.317514582842172155e+00 1.889137792218856138e+00
-2.903844483714124625e+00 -2.392603705302482897e+00 -1.881362926890841614e+00 -1.370122148479200108e+00 -8.588813700675587137e-01 -3.476405916559173193e-01 1.636001867557244083e-01 6.748409651673656917e-01 1.186081743579007197e+00 1.697322521990648925e+00
-3.214248484366301728e+00 -2.627052315817410388e+00 -2.039856147268518605e+00 -1.452659978719627043e+00 -8.654638101707354814e-01 -2.782676416218437532e-01 3.089285269270479750e-01 8.961246954759396477e-01 1.483320864024831431e+00 2.070517032573722993e+00
-3.747145704001634492e+00 -3.142653596064671540e+00 -2.538161488127708143e+00 -1.933669380190745635e+00 -1.329177272253782238e+00 -7.246851643168191748e-01 -1.201930563798563750e-01 4.842990515571065635e-01 1.088791159494069793e+00 1.693283267431032746e+00
-2.507022842762856030e+00 -1.958816058264521764e+00 -1.410609273766188165e+00 -8.624024892678540111e-01 -3.141957047695198013e-01 2.340110797288139366e-01 7.822178642271481186e-01 1.330424648725482273e+00 1.878631433223816316e+00 2.426838217722150137e+00
-2.831000895003456197e+00 -2.325582855664859672e+00 -1.820164816326263812e+00 -1.314746776987667509e+00 -8.093287376490710949e-01 -3.039106983104747917e-01 2.015073410281213728e-01 7.069253803667177039e-01 1.212343419705314007e+00 1.717761459043910532e+00
-2.912013359196675921e+00 -2.394715968459631306e+00 -1.877418577722586690e+00 -1.360121186985542741e+00 -8.428237962484984580e-01 -3.255264055114538979e-01 1.917709852255901626e-01 7.090683759626345006e-01 1.226365766699679005e+00 1.743663157436723177e+00
-2.939747415939510056e+00 -2.361836702903063578e+00 -1.783925989866616879e+00 -1.206015276830169958e+00 -6.281045637937232584e-01 -5.019385075727649664e-02 5.277168622791699182e-01 1.105627575315616618e+00 1.683538288352063539e+00 2.261449001388510016e+00
-2.828039698393973733e+00 -2.266245782968368871e+00 -1.704451867542763344e+00 -1.142657952117158482e+00 -5.808640366915533981e-01 -1.907012126594829354e-02 5.427237941596568804e-01 1.104517709585262075e+00 1.666311625010867159e+00 2.228105540436471799e+00
-3.262151570614418183e+00 -2.687894520686996191e+00 -2.113637470759574644e+00 -1.539380420832153318e+00 -9.651233709047317699e-01 -3.908663209773102221e-01 1.833907289501116589e-01 7.576477788775332067e-01 1.331904828804954866e+00 1.906161878732376636e+00
-2.375592424643988121e+00 -1.900491383058595662e+00 -1.425390341473202982e+00 -9.502892998878106345e-01 -4.751882583024182316e-01 -8.721671702554607440e-05 4.750138248683668518e-01 9.501148664537594213e-01 1.425215908039151991e+00 1.900316949624544227e+00
-2.880441417828791373e+00 -2.341318812588044196e+00 -1.802196207347297685e+00 -1.263073602106550730e+00 -7.239509968658037753e-01 -1.848283916250569314e-01 3.542942136156900790e-01 8.934168188564367563e-01 1.432539424097183822e+00 1.971662029337930777e+00
-3.075242136715872210e+00 -2.508675385899142185e+00 -1.942108635082411938e+00 -1.375541884265681691e+00 -8.089751334489515555e-01 -2.424083826322212809e-01 3.241583681845092713e-01 8.907251190012395181e-01 1.457291869817969765e+00 2.023858620634699790e+00
-2.507862287257075273e+00 -2.022497349286898505e+00 -1.537132411316721958e+00 -1.051767473346545190e+00 -5.664025353763684212e-01 -8.103759740619183305e-02 4.043273405639847828e-01 8.896922785341613293e-01 1.375057216504338209e+00 1.860422154474514977e+00
-2.906327244321213144e+00 -2.362630732203906625e+00 -1.818934220086599884e+00 -1.275237707969293588e+00 -7.315411958519870694e-01 -1.878446837346803011e-01 3.558518283826261341e-01 8.995483404999327082e-01 1.443244852617239227e+00 1.986941364734545967e+00
-3.233668165555974028e+00 -2.642474546336158525e+00 -2.051280927116343022e+00 -1.460087307896526632e+00 -8.688936886767110179e-01 -2.777000694568954042e-01 3.134935497629200984e-01 9.046871689827359342e-01 1.495880788202551548e+00 2.087074407422367273e+00
-2.966709514308098150e+00 -2.452874316702906565e+00 -1.939039119097714758e+00 -1.425203921492523174e+00 -9.113687238873311447e-01 -3.975335262821395599e-01 1.163016713230519278e-01 6.301368689282437208e-01 1.143972066533435417e+00 1.657807264138627223e+00
-3.053609539192262634e+00 -2.471850640720135939e+00 -1.890091742248009021e+00 -1.308332843775882326e+00 -7.265739453037555196e-01 -1.448150468316287964e-01 4.369438516404979822e-01 1.018702750112624900e+00 1.600461648584751595e+00 2.182220547056878512e+00
-3.268823644134933648e+00 -2.722874406210707310e+00 -2.176925168286481416e+00 -1.630975930362255522e+00 -1.085026692438029183e+00 -5.390774545138029561e-01 6.871783410423533932e-03 5.528210213346494983e-01 1.098770259258875948e+00 1.644719497183102508e+00
-3.029002316909300774e+00 -2.480567686266972771e+00 -1.932133055624644546e+00 -1.383698424982315878e+00 -8.352637943399874310e-01 -2.868291636976593173e-01 2.616054669446693515e-01 8.100400975869976872e-01 1.358474728229325912e+00 1.906909358871654581e+00
-2.638991293521689929e+00 -2.118472639141855129e+00 -1.597953984762020330e+00 -1.077435330382185308e+00 -5.569166760023503970e-01 -3.639802162251581236e-02 4.841206327573191470e-01 1.004639287137154113e+00 1.525157941516988691e+00 2.045676595896823713e+00
-2.572049794308263415e+00 -2.024776451181755199e+00 -1.477503108055247205e+00 -9.302297649287393222e-01 -3.829564218022312172e-01 1.643169213242769433e-01 7.115902644507847707e-01 1.258863607577292987e+00 1.806136950703800981e+00 2.353410293830309197e+00
-3.393538881410265606e+00 -2.744810152832833250e+00 -2.096081424255400005e+00 -1.447352695677967205e+00 -7.986239671005344043e-01 -1.498952385231016871e-01 4.988334900543310857e-01 1.147562218631763997e+00 1.796290947209197020e+00 2.445019675786629598e+00
-3.189638916487558706e+00 -2.634359428194638753e+00 -2.079079939901718799e+00 -1.523800451608798845e+00 -9.685209633158785580e-01 -4.132414750229587708e-01 1.420380132699612108e-01 6.973175015628814144e-01 1.252596989855801146e+00 1.807876478148721100e+00
-2.794190364439979035e+00 -2.263444144723322449e+00 -1.732697925006665862e+00 -1.201951705290009942e+00 -6.712054855733536884e-01 -1.404592658566970187e-01 3.902869538599590959e-01 9.210331735766156269e-01 1.451779393293272102e+00 1.982525613009928467e+00
-2.330432525752832884e+00 -1.803840456624556943e+00 -1.277248387496281223e+00 -7.506563183680053930e-01 -2.240642492397293961e-01 3.025278198885466008e-01 8.291198890168220981e-01 1.355711958145098039e+00 1.882304027273373981e+00 2.408896096401649700e+00
-3.152491586698133563e+00 -2.552526342241509205e+00 -1.952561097784884847e+00 -1.352595853328260267e+00 -7.526306088716357978e-01 -1.526653644150112177e-01 4.472998800416134180e-01 1.047265124498237832e+00 1.647230368954862412e+00 2.247195613411487436e+00
-3.284172098321138655e+00 -2.730772584188470464e+00 -2.177373070055802273e+00 -1.623973555923133638e+00 -1.070574041790465225e+00 -5.171745276577969230e-01 3.622498647487113616e-02 5.896245006075395700e-01 1.143024014740207983e+00 1.696423528872875952e+00
-2.843503239766293156e+00 -2.298542113834330269e+00 -1.753580987902368049e+00 -1.208619861970405607e+00 -6.636587360384431644e-01 -1.186976101064807082e-01 4.262635158254820533e-01 9.712246417574444957e-01 1.516185767689407049e+00 2.061146893621369713e+00
-2.686994015552981452e+00 -2.197408760118503945e+00 -1.707823504684026439e+00 -1.218238249249549154e+00 -7.286529938150714258e-01 -2.390677383805940304e-01 2.505175170538831986e-01 7.401027724883607606e-01 1.229688027922838378e+00 1.719273283357315885e+00
-3.486900803251410164e+00 -2.910911923882119723e+00 -2.334923044512829726e+00 -1.758934165143539730e+00 -1.182945285774249733e+00 -6.069564064049596253e-01 -3.096752703566933718e-02 5.450213523336207011e-01 1.121010231702910920e+00 1.696999111072200694e+00
-2.615512276591865692e+00 -2.072264717888259167e+00 -1.529017159184653085e+00 -9.857696004810466706e-01 -4.425220417774404780e-01 1.007255169261658395e-01 6.439730756297724623e-01 1.187220634333378655e+00 1.730468193036984736e+00 2.273715751740590818e+00
-2.927973481861930072e+00 -2.337493459931509587e+00 -1.747013438001089103e+00 -1.156533416070669062e+00 -5.660533941402490221e-01 2.442662779017109806e-02 6.149066497205915027e-01 1.205386671651011543e+00 1.795866693581431583e+00 2.386346715511851624e+00
-3.118732947014725809e+00 -2.564214453613147260e+00 -2.009695960211568710e+00 -1.455177466809989717e+00 -9.006589734084109455e-01 -3.461404800068324517e-01 2.083780133947462088e-01 7.628965067963249247e-01 1.317415000197903474e+00 1.871933493599482246e+00
-3.519712347997803636e+00 -2.952637528872015693e+00 -2.385562709746227750e+00 -1.818487890620439584e+00 -1.251413071494651641e+00 -6.843382523688635866e-01 -1.172634332430749632e-01 4.498113858827130218e-01 1.016886205008501021e+00 1.583961024134288964e+00
-3.218343988319871229e+00 -2.660718792870237603e+00 -2.103093597420603089e+00 -1.545468401970968797e+00 -9.878432065213345048e-01 -4.302180110717004902e-01 1.274071843779335245e-01 6.850323798275678167e-01 1.242657575277201998e+00 1.800282770726836068e+00
-2.812630244707741145e+00 -2.335526303772272882e+00 -1.858422362836804398e+00 -1.381318421901336357e+00 -9.042144809658680948e-01 -4.271105400303999988e-01 4.999340090506847190e-02 5.270973418405368038e-01 1.004201282776004955e+00 1.481305223711473218e+00
-2.907449095578393816e+00 -2.321792601958599267e+00 -1.736136108338804718e+00 -1.150479614719010613e+00 -5.648231210992161744e-01 2.083337252057824301e-02 6.064898661403727020e-01 1.192146359760167140e+00 1.777802853379961467e+00 2.363459346999755795e+00
-2.679656941240308843e+00 -2.173815009704953560e+00 -1.667973078169598500e+00 -1.162131146634243217e+00 -6.562892150988877127e-01 -1.504472835635326800e-01 3.553946479718225748e-01 8.612365795071780239e-01 1.367078511042532973e+00 1.872920442577888256e+00
-3.465390900543145580e+00 -2.893544050787019817e+00 -2.321697201030894053e+00 -1.749850351274768956e+00 -1.178003501518643636e+00 -6.061566517625180950e-01 -3.430980200639281719e-02 5.375370477497327659e-01 1.109383897505858085e+00 1.681230747261983405e+00
-3.150483321897481925e+00 -2.588598075670019316e+00 -2.026712829442557151e+00 -1.464827583215094986e+00 -9.029423369876327099e-01 -3.410570907601705448e-01 2.208281554672915092e-01 7.827134016947535633e-01 1.344598647922215839e+00 1.906483894149678227e+00
-3.224326742498557330e+00 -2.691258940441745739e+00 -2.158191138384934149e+00 -1.625123336328122337e+00 -1.092055534271310968e+00 -5.589877322144992666e-01 -2.591993015768778719e-02 5.071478718991238033e-01 1.040215673955935394e+00 1.573283476012746762e+00
-2.882810747305236010e+00 -2.360965306432592392e+00 -1.839119865559948996e+00 -1.317274424687305379e+00 -7.954289838146618719e-01 -2.735835429420183096e-01 2.482618979306250862e-01 7.701073388032686484e-01 1.291952779675912266e+00 1.813798220548555884e+00
-3.379916245241573858e+00 -2.831092915555558864e+00 -2.282269585869544315e+00 -1.733446256183529544e+00 -1.184622926497514772e+00 -6.357995968115001117e-01 -8.697626712548579830e-02 4.618470625605290980e-01 1.010670392246543647e+00 1.559493721932558197e+00
-3.008040271911475383e+00 -2.431909144344919227e+00 -1.855778016778363293e+00 -1.279646889211807359e+00 -7.035157616452513141e-01 -1.273846340786952414e-01 4.487464934878602207e-01 1.024877621054415933e+00 1.601008748620972089e+00 2.177139876187527801e+00
-3.559132046560028684e+00 -2.916964345945953774e+00 -2.274796645331879308e+00 -1.632628944717805064e+00 -9.904612441037311532e-01 -3.482935434896564653e-01 2.938741571244175566e-01 9.360418577384916894e-01 1.578209558352566155e+00 2.220377258966640621e+00
-3.373745920899215989e+00 -2.836311090941844082e+00 -2.298876260984471287e+00 -1.761441431027098270e+00 -1.224006601069725919e+00 -6.865717711123536793e-01 -1.491369411549812452e-01 3.882978888023913555e-01 9.257327187597638174e-01 1.463167548717136279e+00
-2.914371346973344323e+00 -2.378841433572664865e+00 -1.843311520171985629e+00 -1.307781606771306393e+00 -7.722516933706272679e-01 -2.367217799699479486e-01 2.988081334307314818e-01 8.343380468314106624e-01 1.369867960232090009e+00 1.905397873632769468e+00
-3.128635234354657957e+00 -2.568393897297466921e+00 -2.008152560240275886e+00 -1.447911223183084184e+00 -8.876698861258932594e-01 -3.274285490687021127e-01 2.328127879884894225e-01 7.930541250456805136e-01 1.353295462102871660e+00 1.913536799160062918e+00
-2.808257170137506975e+00 -2.298766447253730139e+00 -1.789275724369953302e+00 -1.279785001486176022e+00 -7.702942786023988520e-01 -2.608035557186220155e-01 2.486871671651550986e-01 7.581778900489321016e-01 1.267668612932709049e+00 1.777159335816485886e+00
-3.064572499645705772e+00 -2.470021807153875759e+00 -1.875471114662046412e+00 -1.280920422170216622e+00 -6.863697296783869417e-01 -9.181903718655735902e-02 5.027316553052720849e-01 1.097282347797101432e+00 1.691833040288931223e+00 2.286383732780761235e+00
-3.008457305810725124e+00 -2.468250983021080813e+00 -1.928044660231436502e+00 -1.387838337441792413e+00 -8.476320146521479915e-01 -3.074256918625035695e-01 2.327806309271403251e-01 7.729869537167847193e-01 1.313193276506429141e+00 1.853399599296073452e+00
-3.350537476889848154e+00 -2.729989968284914692e+00 -2.109442459679981674e+00 -1.488894951075047990e+00 -8.683474424701146388e-01 -2.477999338651812877e-01 3.727475747397525629e-01 9.932950833446857475e-01 1.613842591949619321e+00 2.234390100554553005e+00
-2.706421842326634852e+00 -2.159638049368892254e+00 -1.612854256411150322e+00 -1.066070463453407724e+00 -5.192866704956654589e-01 2.749712246207668478e-02 5.742809154198195154e-01 1.121064708377561780e+00 1.667848501335303935e+00 2.214632294293046311e+00
-3.084024190224150530e+00 -2.465667528753003435e+00 -1.847310867281856117e+00 -1.228954205810709022e+00 -6.105975443395621483e-01 7.759117131585149298e-03 6.261157786027322647e-01 1.244472440073879360e+00 1.862829101545026456e+00 2.481185763016173329e+00
-3.122209072235401006e+00 -2.542152936910635486e+00 -1.962096801585868855e+00 -1.382040666261103334e+00 -8.019845309363375918e-01 -2.219283956115715994e-01 3.581277397131943929e-01 9.381838750379603020e-01 1.518240010362726045e+00 2.098296145687491787e+00
-3.749941645270944424e+00 -3.100263331711493819e+00 -2.450585018152042771e+00 -1.800906704592591723e+00 -1.151228391033140674e+00 -5.015500774736897371e-01 1.481282360857615055e-01 7.978065496452124705e-01 1.447484863204663519e+00 2.097163176764114567e+00
-3.558316358883229391e+00 -2.924914079115444654e+00 -2.291511799347660361e+00 -1.658109519579875846e+00 -1.024707239812091331e+00 -3.913049600443068710e-01 2.420973197234778940e-01 8.754995994912623258e-01 1.508901879259046730e+00 2.142304159026831467e+00
-3.016145265317739632e+00 -2.491359511890612666e+00 -1.966573758463485921e+00 -1.441788005036358733e+00 -9.170022516092317666e-01 -3.922164981821048002e-01 1.325692552450225270e-01 6.573550086721495767e-01 1.182140762099276543e+00 1.706926515526403509e+00
-2.832063456562357473e+00 -2.301332646106780455e+00 -1.770601835651203881e+00 -1.239871025195626641e+00 -7.091402147400495126e-01 -1.784094042844728278e-01 3.523214061711042455e-01 8.830522166266809858e-01 1.413783027082258004e+00 1.944513837537835022e+00
-2.837373075989874316e+00 -2.268995889165261737e+00 -1.700618702340649824e+00 -1.132241515516037689e+00 -5.638643286914255537e-01 4.512858133186561406e-03 5.728900449577991605e-01 1.141267231782411073e+00 1.709644418607023431e+00 2.278021605431635788e+00
-2.769592229404834072e+00 -2.243410840644974868e+00 -1.717229451885115443e+00 -1.191048063125255796e+00 -6.648666743653962596e-01 -1.386852856055370842e-01 3.874961031543224244e-01 9.136774919141817941e-01 1.439858880674041108e+00 1.966040269433900534e+00
-2.710321930075077823e+00 -2.217957347382764066e+00 -1.725592764690449421e+00 -1.233228181998135220e+00 -7.408635993058207969e-01 -2.484990166135064016e-01 2.438655660788074664e-01 7.362301487711220283e-01 1.228594731463436229e+00 1.720959314155750430e+00
-2.908534088901894243e+00 -2.400831879434575100e+00 -1.893129669967255291e+00 -1.385427460499935703e+00 -8.777252510326161161e-01 -3.700230415652965843e-01 1.376791679020228087e-01 6.453813773693423128e-01 1.153083586836661789e+00 1.660785796303981376e+00
-2.637144831022622871e+00 -2.129138836293951620e+00 -1.621132841565280591e+00 -1.113126846836609340e+00 -6.051208521079380898e-01 -9.711485737926718598e-02 4.108911373494043562e-01 9.188971320780754404e-01 1.426903126806746469e+00 1.934909121535417720e+00
-3.009525594139972338e+00 -2.502984044488925530e+00 -1.996442494837879167e+00 -1.489900945186832359e+00 -9.833593955357858851e-01 -4.768178458847394108e-01 2.972370376630693173e-02 5.362652534173535379e-01 1.042806803068400123e+00 1.549348352719446487e+00
-2.955724810259704682e+00 -2.432125679196814882e+00 -1.908526548133924194e+00 -1.384927417071034395e+00 -8.613282860081443726e-01 -3.377291549452540176e-01 1.858699761176359766e-01 7.094691071805262483e-01 1.233068238243416381e+00 1.756667369306306403e+00
-2.889612928464174058e+00 -2.352571588265262914e+00 -1.815530248066352215e+00 -1.278488907867441071e+00 -7.414475676685300387e-01 -2.044062274696191173e-01 3.326351127292918597e-01 8.696764529282027256e-01 1.406717793127113758e+00 1.943759133326024902e+00
-2.804703468064168259e+00 -2.245694100240070767e+00 -1.686684732415972832e+00 -1.127675364591875118e+00 -5.686659967677772931e-01 -9.656628943679508234e-03 5.493527388804181344e-01 1.108362106704515959e+00 1.667371474528613451e+00 2.226380842352711387e+00
-2.565699489532597077e+00 -2.063073828382668395e+00 -1.560448167232739047e+00 -1.057822506082809699e+00 -5.551968449328806843e-01 -5.257118378295173172e-02 4.500544773669775123e-01 9.526801385169065828e-01 1.455305799666835709e+00 1.957931460816764391e+00
-3.027752148116356512e+00 -2.507821756417880188e+00 -1.987891364719403864e+00 -1.467960973020927318e+00 -9.480305813224508826e-01 -4.281001896239745030e-01 9.183020207450227901e-02 6.117605937729787557e-01 1.131690985471455191e+00 1.651621377169931959e+00
-3.019580846282289510e+00 -2.436825508996790735e+00 -1.854070171711291071e+00 -1.271314834425792295e+00 -6.885594971402934084e-01 -1.058041598547942164e-01 4.769511774307049756e-01 1.059706514716203918e+00 1.642461852001702916e+00 2.225217189287201691e+00
-2.942701502481009257e+00 -2.364968653525363340e+00 -1.787235804569716979e+00 -1.209502955614070840e+00 -6.317701066584249237e-01 -5.403725770277874318e-02 5.236955912528675761e-01 1.101428440208513715e+00 1.679161289164159632e+00 2.256894138119805771e+00
-2.561612132613867221e+00 -2.088540580118483536e+00 -1.615469027623100295e+00 -1.142397475127716833e+00 -6.693259226323334810e-01 -1.962543701369501292e-01 2.768171823584335556e-01 7.498887348538169073e-01 1.222960287349200259e+00 1.696031839844583722e+00
-2.939560099432604545e+00 -2.370028433569185911e+00 -1.800496767705767276e+00 -1.230965101842348641e+00 -6.614334359789300066e-01 -9.190177011551141362e-02 4.776298957479073182e-01 1.047161561611325675e+00 1.616693227474744532e+00 2.186224893338163167e+00
-3.397765085377741467e+00 -2.844010576162415482e+00 -2.290256066947089941e+00 -1.736501557731764178e+00 -1.182747048516438637e+00 -6.289925393011128740e-01 -7.523803008578769380e-02 4.785164791295379860e-01 1.032270988344863749e+00 1.586025497560189512e+00
-2.950547212233508798e+00 -2.432858222039268714e+00 -1.915169231845028852e+00 -1.397480241650789212e+00 -8.797912514565493503e-01 -3.621022612623095438e-01 1.555867289319298186e-01 6.732757191261697916e-01 1.190964709320409431e+00 1.708653699514648849e+00
-2.837884417894308342e+00 -2.346674133312934174e+00 -1.855463848731560006e+00 -1.364253564150185616e+00 -8.730432795688113368e-01 -3.818329949874371687e-01 1.093772895939371520e-01 6.005875741753115005e-01 1.091797858756685669e+00 1.583008143338059837e+00
-2.679260392169922511e+00 -2.190748896581657945e+00 -1.702237400993393157e+00 -1.213725905405128369e+00 -7.252144098168635811e-01 -2.367029142285988763e-01 2.518085813596658284e-01 7.403200769479305610e-01 1.228831572536195349e+00 1.717343068124460137e+00
-2.909381678834414675e+00 -2.326025100277965496e+00 -1.742668521721516095e+00 -1.159311943165067138e+00 -5.759553646086178480e-01 7.401213947831502757e-03 5.907577925042808431e-01 1.174114371060730244e+00 1.757470949617179423e+00 2.340827528173629268e+00
-3.368966510810743831e+00 -2.779636177444289480e+00 -2.190305844077834685e+00 -1.600975510711380334e+00 -1.011645177344925983e+00 -4.223148439784715213e-01 1.670154893879828017e-01 7.563458227544374024e-01 1.345676156120891864e+00 1.935006489487346437e+00
-3.209165675407759100e+00 -2.636765013561150894e+00 -2.064364351714543133e+00 -1.491963689867935150e+00 -9.195630280213272778e-01 -3.471623661747195166e-01 2.252382956718883833e-01 7.976389575184963387e-01 1.370039619365104322e+00 1.942440281211712305e+00
-2.969169657924721761e+00 -2.385612768761431468e+00 -1.802055879598141397e+00 -1.218498990434851548e+00 -6.349421012715616985e-01 -5.138521210827142610e-02 5.321716770550182218e-01 1.115728566218308071e+00 1.699285455381598142e+00 2.282842344544888213e+00
-2.934454446047042087e+00 -2.397180641443143134e+00 -1.859906836839243738e+00 -1.322633032235344119e+00 -7.853592276314448339e-01 -2.480854230275455763e-01 2.891883815763543475e-01 8.264621861802535774e-01 1.363735990784152863e+00 1.901009795388052259e+00
-2.707789726433754041e+00 -2.157590311178228415e+00 -1.607390895922702123e+00 -1.057191480667176942e+00 -5.069920654116512049e-01 4.320734984387477468e-02 5.934067650994002685e-01 1.143606180354926005e+00 1.693805595610451853e+00 2.244005010865977923e+00
-2.931195124076917846e+00 -2.309331083528918693e+00 -1.687467042980919318e+00 -1.065603002432919721e+00 -4.437389618849200690e-01 1.781250786630795835e-01 7.999891192110788474e-01 1.421853159759078444e+00 2.043717200307078041e+00 2.665581240855077638e+00
-3.879029770603430460e+00 -3.263441480420391727e+00 -2.647853190237353438e+00 -2.032264900054315593e+00 -1.416676609871277082e+00 -8.010883196882386814e-01 -1.855000295052003645e-01 4.300882606778378414e-01 1.045676550860876297e+00 1.661264841043914364e+00
-2.725599790984454707e+00 -2.199686361610835750e+00 -1.673772932237217015e+00 -1.147859502863598724e+00 -6.219460734899801002e-01 -9.603264411636142084e-02 4.298807852572572585e-01 9.557942146308758824e-01 1.481707644004494506e+00 2.007621073378113685e+00
-2.510708647838945318e+00 -1.977443963914421898e+00 -1.444179279989898479e+00 -9.109145960653748375e-01 -3.776499121408513071e-01 1.556147717836720290e-01 6.888794557081955316e-01 1.222144139632718840e+00 1.755408823557242703e+00 2.288673507481766123e+00
-2.831895159442864074e+00 -2.301665953303342338e+00 -1.771436747163820602e+00 -1.241207541024298644e+00 -7.109783348847766860e-01 -1.807491287452551165e-01 3.494800773942669525e-01 8.797092835337886330e-01 1.409938489673310480e+00 1.940167695812832216e+00
-2.590306634249349926e+00 -2.002404249951846626e+00 -1.414501865654343549e+00 -8.265994813568401378e-01 -2.386970970593367269e-01 3.492052872381663509e-01 9.371076715356696507e-01 1.525010055833172951e+00 2.112912440130676472e+00 2.700814824428179328e+00
-2.586113535286485909e+00 -2.070063222801679981e+00 -1.554012910316873608e+00 -1.037962597832067235e+00 -5.219122853472609735e-01 -5.861972862454772545e-03 5.101883396223513278e-01 1.026238652107157368e+00 1.542288964591963740e+00 2.058339277076770113e+00
-2.846190036717915817e+00 -2.265173419138514443e+00 -1.684156801559112848e+00 -1.103140183979711475e+00 -5.221235664003103238e-01 5.889305117909125059e-02 6.399096687584926446e-01 1.220926286337894018e+00 1.801942903917295391e+00 2.382959521496696986e+00
-3.276170067730315161e+00 -2.720986869513582818e+00 -2.165803671296850030e+00 -1.610620473080117243e+00 -1.055437274863384456e+00 -5.002540766466516686e-01 5.492912157008075780e-02 6.101123197868134618e-01 1.165295518003546249e+00 1.720478716220279036e+00
-3.340359529498144742e+00 -2.775020926185578940e+00 -2.209682322873013138e+00 -1.644343719560447337e+00 -1.079005116247881757e+00 -5.136665129353160664e-01 5.167209037724970755e-02 6.170106936898154260e-01 1.182349297002381228e+00 1.747687900314947251e+00
-2.707656773400149763e+00 -2.179090956451801731e+00 -1.650525139503454142e+00 -1.121959322555106331e+00 -5.933935056067585201e-01 -6.482768865841072314e-02 4.637381282899373236e-01 9.923039452382849124e-01 1.520869762186632945e+00 2.049435579134980756e+00
-3.355074360030091629e+00 -2.768560875464021631e+00 -2.182047390897951633e+00 -1.595533906331881857e+00 -1.009020421765812081e+00 -4.225069371997424161e-01 1.640065473663273599e-01 7.505200319323971359e-01 1.337033516498466801e+00 1.923547001064536577e+00
-3.224590636711138991e+00 -2.677528478859756866e+00 -2.130466321008375186e+00 -1.583404163156993727e+00 -1.036342005305611602e+00 -4.892798474542299214e-01 5.778231039715206463e-02 6.048444682485338841e-01 1.151906626099915565e+00 1.698968783951297690e+00
-2.704517042047497100e+00 -2.197452747283243912e+00 -1.690388452518991613e+00 -1.183324157754738648e+00 -6.762598629904856828e-01 -1.691955682262329674e-01 3.378687265380198590e-01 8.449330213022728797e-01 1.351997316066525512e+00 1.859061610830778255e+00
-3.147744964383510258e+00 -2.583290895393179909e+00 -2.018836826402850004e+00 -1.454382757412519878e+00 -8.899286884221897509e-01 -3.254746194318596242e-01 2.389794495584706135e-01 8.034335185488007403e-01 1.367887587539130756e+00 1.932341656529461327e+00
-3.323365610071701504e+00 -2.771002826790238682e+00 -2.218640043508775861e+00 -1.666277260227312818e+00 -1.113914476945850218e+00 -5.615516936643873969e-01 -9.188910382924252856e-03 5.431738728985386899e-01 1.095536656180001289e+00 1.647899439461464333e+00
-3.112793612763283146e+00 -2.513659183513590634e+00 -1.914524754263898343e+00 -1.315390325014205830e+00 -7.162558957645134283e-01 -1.171214665148209016e-01 4.820129627348714307e-01 1.081147391984563777e+00 1.680281821234256290e+00 2.279416250483948581e+00
-2.876193282070824253e+00 -2.352256867791980621e+00 -1.828320453513136767e+00 -1.304384039234292914e+00 -7.804476249554493927e-01 -2.565112106766055944e-01 2.674252036022384260e-01 7.913616178810820578e-01 1.315298032159925690e+00 1.839234446438769544e+00
-3.247789287234070787e+00 -2.665428106437638611e+00 -2.083066925641206435e+00 -1.500705744844774481e+00 -9.183445640483419714e-01 -3.359833832519096841e-01 2.463777975445227975e-01 8.287389783409551125e-01 1.411100159137387289e+00 1.993461339933819909e+00
-3.303589534282505902e+00 -2.774451364523510488e+00 -2.245313194764515075e+00 -1.716175025005519883e+00 -1.187036855246524913e+00 -6.578986854875296109e-01 -1.287605157285340585e-01 4.003776540304613274e-01 9.295158237894564079e-01 1.458653993548451711e+00
-2.815844498983370414e+00 -2.267569013051834670e+00 -1.719293527120298926e+00 -1.171018041188762959e+00 -6.227425552572273260e-01 -7.446706932569148452e-02 4.738084166058442737e-01 1.022083902537380018e+00 1.570359388468915762e+00 2.118634874400451729e+00
-3.438210732319454621e+00 -2.836283963432840061e+00 -2.234357194546225500e+00 -1.632430425659610274e+00 -1.030503656772995713e+00 -4.285768878863810971e-01 1.733498810002338797e-01 7.752766498868485234e-01 1.377203418773463195e+00 1.979130187660077755e+00
-2.581501336189016449e+00 -2.013215116200089749e+00 -1.444928896211163272e+00 -8.766426762222365721e-01 -3.083564562333098724e-01 2.599297637556166052e-01 8.282159837445433048e-01 1.396502203733469782e+00 1.964788423722396482e+00 2.533074643711322960e+00
-2.601275601915248981e+00 -2.038304476932430109e+00 -1.475333351949611460e+00 -9.123622269667926998e-01 -3.493911019839741061e-01 2.135800229988450150e-01 7.765511479816634699e-01 1.339522272964482008e+00 1.902493397947301101e+00 2.465464522930119973e+00
-3.095934492430477469e+00 -2.577223107944292213e+00 -2.058511723458107401e+00 -1.539800338971922811e+00 -1.021088954485737998e+00 -5.023775699995531863e-01 1.633381448663196941e-02 5.350451989728167712e-01 1.053756583459001694e+00 1.572467967945186729e+00
-2.994668502580775105e+00 -2.474907824931691369e+00 -1.955147147282608078e+00 -1.435386469633524342e+00 -9.156257919844407178e-01 -3.958651143353570934e-01 1.238955633137263368e-01 6.436562409628098225e-01 1.163416918611893669e+00 1.683177596260977404e+00
-2.495847375103068977e+00 -1.979402325325340550e+00 -1.462957275547612568e+00 -9.465122257698843633e-01 -4.300671759921562143e-01 8.637787378557200413e-02 6.028229235633003613e-01 1.119267973341028233e+00 1.635713023118756659e+00 2.152158072896484864e+00
-2.953459496534736495e+00 -2.430654826070806962e+00 -1.907850155606877429e+00 -1.385045485142947674e+00 -8.622408146790179195e-01 -3.394361442150881647e-01 1.833685262488409518e-01 7.061731967127706788e-01 1.228977867176700434e+00 1.751782537640629966e+00
-3.118371876562055611e+00 -2.544511004734029580e+00 -1.970650132906003327e+00 -1.396789261077977295e+00 -8.229283892499513753e-01 -2.490675174219254273e-01 3.247933544061009092e-01 8.986542262341269405e-01 1.472515098062152861e+00 2.046375969890178670e+00
-3.075504590112586367e+00 -2.520040171546126473e+00 -1.964575752979667023e+00 -1.409111334413207794e+00 -8.536469158467482332e-01 -2.981824972802886720e-01 2.572819212861703897e-01 8.127463398526298954e-01 1.368210758419089457e+00 1.923675176985548685e+00
-2.988650352808349453e+00 -2.461178584398652447e+00 -1.933706815988955441e+00 -1.406235047579258657e+00 -8.787632791695615397e-01 -3.512915107598645892e-01 1.761802576498322503e-01 7.036520260595292564e-01 1.231123794469226373e+00 1.758595562878923380e+00
-2.920174566917201009e+00 -2.320280076264814806e+00 -1.720385585612429047e+00 -1.120491094960043288e+00 -5.205966043076576399e-01 7.929788634472795250e-02 6.791923769971138780e-01 1.279086867649499526e+00 1.878981358301885285e+00 2.478875848954271266e+00
-2.673551747369050879e+00 -2.150491054596954665e+00 -1.627430361824858007e+00 -1.104369669052761793e+00 -5.813089762806655791e-01 -5.824828350856944836e-02 4.648124092635273485e-01 9.878731020356235071e-01 1.510933794807719721e+00 2.033994487579816379e+00
-2.704327549881836212e+00 -2.155356397558101822e+00 -1.606385245234367209e+00 -1.057414092910632819e+00 -5.084429405868985397e-01 4.052821173683569811e-02 5.894993640605705743e-01 1.138470516384304965e+00 1.687441668708039133e+00 2.236412821031773301e+00
-2.979070209031782213e+00 -2.401860875646387949e+00 -1.824651542260993908e+00 -1.247442208875599867e+00 -6.702328754902058261e-01 -9.302354210481182661e-02 4.841857912805823116e-01 1.061395124665976519e+00 1.638604458051370560e+00 2.215813791436764824e+00
-3.113544370847058484e+00 -2.573230189996953854e+00 -2.032916009146848779e+00 -1.492601828296743927e+00 -9.522876474466392960e-01 -4.119734665965344989e-01 1.283407142535699097e-01 6.686548951036748178e-01 1.208969075953779448e+00 1.749283256803883635e+00
-3.302204024163025053e+00 -2.752417764364827768e+00 -2.202631504566630483e+00 -1.652845244768432531e+00 -1.103058984970235246e+00 -5.532727251720378492e-01 -3.486465373840210314e-03 5.462997944243571657e-01 1.096086054222554562e+00 1.645872314020751848e+00
-2.965443828173139895e+00 -2.395927816456588033e+00 -1.826411804740036393e+00 -1.256895793023484309e+00 -6.873797813069326690e-01 -1.178637695903807514e-01 4.516522421261711662e-01 1.021168253842722917e+00 1.590684265559274779e+00 2.160200277275826419e+00
-3.253597842342093927e+00 -2.723839901038539679e+00 -2.194081959734985432e+00 -1.664324018431431407e+00 -1.134566077127877382e+00 -6.048081358243231342e-01 -7.505019452076924780e-02 4.547077467827848607e-01 9.844656880863389414e-01 1.514223629389892745e+00
-3.103795566149694984e+00 -2.550098896012524374e+00 -1.996402225875352876e+00 -1.442705555738181822e+00 -8.890088856010105456e-01 -3.353122154638393249e-01 2.183844546733314240e-01 7.720811248105028390e-01 1.325777794947673893e+00 1.879474465084844503e+00
-3.260018339293704326e+00 -2.746020294184748689e+00 -2.232022249075793940e+00 -1.718024203966838082e+00 -1.204026158857883111e+00 -6.900281137489276961e-01 -1.760300686399722536e-01 3.379679764689829113e-01 8.519660215779382151e-01 1.365964066686893297e+00
-2.786145358668348671e+00 -2.323545805299661815e+00 -1.860946251930974293e+00 -1.398346698562286994e+00 -9.357471451935995832e-01 -4.731475918249122281e-01 -1.054803845622519567e-02 4.520515149124623155e-01 9.146510682811495041e-01 1.377250621649836582e+00
-2.916134522550148933e+00 -2.407991135756006873e+00 -1.899847748961865257e+00 -1.391704362167723641e+00 -8.835609753735819138e-01 -3.754175885794401313e-01 1.327257982147017623e-01 6.408691850088434894e-01 1.149012571802985327e+00 1.657155958597127166e+00
-2.570617527174750450e+00 -2.048693322164079955e+00 -1.526769117153409683e+00 -1.004844912142739410e+00 -4.829207071320691380e-01 3.900349787860125234e-02 5.609277028892715178e-01 1.082851907899941901e+00 1.604776112910612174e+00 2.126700317921282668e+00
-3.544900939814013441e+00 -2.921912944124879452e+00 -2.298924948435745463e+00 -1.675936952746611475e+00 -1.052948957057477486e+00 -4.299609613683434417e-01 1.930270343207903250e-01 8.160150300099243692e-01 1.439003025699058469e+00 2.061991021388192458e+00
-2.954405822634258882e+00 -2.435991282358870968e+00 -1.917576742083483277e+00 -1.399162201808095807e+00 -8.807476615327082259e-01 -3.623331212573203675e-01 1.560814190180674632e-01 6.744959592934549608e-01 1.192910499568842875e+00 1.711325039844230567e+00
-2.751976300936102238e+00 -2.211439483549416885e+00 -1.670902666162732197e+00 -1.130365848776047066e+00 -5.898290313893618242e-01 -4.929221400267700531e-02 4.912446033840083270e-01 1.031781420770693236e+00 1.572318238157378367e+00 2.112855055544063720e+00
-3.040287406745174614e+00 -2.485977447955669550e+00 -1.931667489166164264e+00 -1.377357530376658978e+00 -8.230475715871538034e-01 -2.687376127976485174e-01 2.855723459918564355e-01 8.398823047813618325e-01 1.394192263570867008e+00 1.948502222360371627e+00
-2.795034552280541984e+00 -2.281448104872815907e+00 -1.767861657465090053e+00 -1.254275210057363976e+00 -7.406887626496381216e-01 -2.271023152419119617e-01 2.864841321658140316e-01 8.000705795735399972e-01 1.313657026981265963e+00 1.827243474388991817e+00
-2.727674401463406895e+00 -2.210379503366466380e+00 -1.693084605269525644e+00 -1.175789707172584908e+00 -6.584948090756441719e-01 -1.411999109787035189e-01 3.760949871182371340e-01 8.933898852151778147e-01 1.410684783312118551e+00 1.927979681409059287e+00
-2.995070185753252456e+00 -2.472506698090767951e+00 -1.949943210428283669e+00 -1.427379722765799386e+00 -9.048162351033148809e-01 -3.822527474408303760e-01 1.403107402216536570e-01 6.628742278841381896e-01 1.185437715546622695e+00 1.708001203209106977e+00
-3.053373963332553398e+00 -2.440506758816027855e+00 -1.827639554299502089e+00 -1.214772349782976546e+00 -6.019051452664508917e-01 1.096205925007480257e-02 6.238292637666003060e-01 1.236696468283126071e+00 1.849563672799651393e+00 2.462430877316177380e+00
-2.698323253527420640e+00 -2.118825151521258832e+00 -1.539327049515097245e+00 -9.598289475089356593e-01 -3.803308455027741286e-01 1.991672565033872633e-01 7.786653585095493213e-01 1.358163460515711130e+00 1.937661562521872494e+00 2.517159664528034302e+00
-3.003133433130220187e+00 -2.473280268524981285e+00 -1.943427103919741938e+00 -1.413573939314503036e+00 -8.837207747092640231e-01 -3.538676101040248989e-01 1.759855545012141420e-01 7.058387191064533495e-01 1.235691883711692363e+00 1.765545048316931265e+00
-3.046004893015888726e+00 -2.519714477577933653e+00 -1.993424062139978803e+00 -1.467133646702024619e+00 -9.408432312640698791e-01 -4.145528158261150287e-01 1.117375996118393638e-01 6.380280150497941172e-01 1.164318430487748746e+00 1.690608845925703374e+00
-2.944950093044421457e+00 -2.401392394540939890e+00 -1.857834696037457434e+00 -1.314276997533975200e+00 -7.707192990304931879e-01 -2.271616005270110372e-01 3.163960979764707804e-01 8.599537964799530698e-01 1.403511494983435082e+00 1.947069193486916650e+00
-3.067244090831341641e+00 -2.520008998500252062e+00 -1.972773906169162705e+00 -1.425538813838073349e+00 -8.783037215069839920e-01 -3.310686291758946909e-01 2.161664631551945825e-01 7.634015554862840780e-01 1.310636647817373213e+00 1.857871740148462347e+00
-3.163642296819836996e+00 -2.597731915563913141e+00 -2.031821534307989729e+00 -1.465911153052065652e+00 -9.000007717961421294e-01 -3.340903905402186069e-01 2.318199907157049711e-01 7.977303719716285491e-01 1.363640753227552072e+00 1.929551134483475705e+00
-3.678919806183591490e+00 -3.085828634811451643e+00 -2.492737463439312240e+00 -1.899646292067172615e+00 -1.306555120695033656e+00 -7.134639493228939200e-01 -1.203727779507546697e-01 4.727183934213846084e-01 1.065809564793524178e+00 1.658900736165663581e+00
-2.666685848152039462e+00 -2.132683555340121551e+00 -1.598681262528203639e+00 -1.064678969716285728e+00 -5.306766769043680387e-01 3.325615907549852191e-03 5.373279087194678949e-01 1.071330201531385695e+00 1.605332494343303384e+00 2.139334787155221296e+00
-2.925455837982660956e+00 -2.352536553127027918e+00 -1.779617268271394437e+00 -1.206697983415761177e+00 -6.337786985601276957e-01 -6.085941370449435284e-02 5.120598711511393786e-01 1.084979156006772749e+00 1.657898440862406009e+00 2.230817725718039934e+00
-3.037195986788056690e+00 -2.452535527471716215e+00 -1.867875068155375073e+00 -1.283214608839034376e+00 -6.985541495226933462e-01 -1.138936902063524548e-01 4.707667691099886031e-01 1.055427228426329744e+00 1.640087687742670441e+00 2.224748147059011583e+00
-3.148577973861566015e+00 -2.626121359165725533e+00 -2.103664744469885051e+00 -1.581208129774044346e+00 -1.058751515078203864e+00 -5.362949003823632710e-01 -1.383828568652296052e-02 5.086183290093176934e-01 1.031074943705158287e+00 1.553531558400998547e+00
-3.052431128106409819e+00 -2.517651648473155479e+00 -1.982872168839902249e+00 -1.448092689206648576e+00 -9.133132095733951239e-01 -3.785337299401415612e-01 1.562457496931121403e-01 6.910252293263655643e-01 1.225804708959619127e+00 1.760584188592872801e+00
-2.549632646963906790e+00 -2.051155111837626333e+00 -1.552677576711345431e+00 -1.054200041585064307e+00 -5.557225064587836272e-01 -5.724497133250284336e-02 4.412325637937779543e-01 9.397100989200587451e-01 1.438187634046339536e+00 1.936665169172620216e+00
-3.003133433130220187e+00 -2.472321388542020326e+00 -1.941509343953820466e+00 -1.410697299365620605e+00 -8.798852547774207444e-01 -3.490732101892209949e-01 1.817388343989790878e-01 7.125508789871787263e-01 1.243362923575378698e+00 1.774174968163578781e+00
-2.851122248145137039e+00 -2.252265835844221353e+00 -1.653409423543305889e+00 -1.054553011242389982e+00 -4.556965989414741847e-01 1.431598133594414179e-01 7.420162256603571871e-01 1.340872637961272762e+00 1.939729050262188448e+00 2.538585462563104578e+00
-3.139448429416737962e+00 -2.608140019080978700e+00 -2.076831608745219437e+00 -1.545523198409460841e+00 -1.014214788073701579e+00 -4.829063777379425937e-01 4.840203259781587775e-02 5.797104429335749876e-01 1.111018853269334139e+00 1.642327263605092957e+00
-3.255488814766985595e+00 -2.653138006196912535e+00 -2.050787197626839475e+00 -1.448436389056766194e+00 -8.460855804866933561e-01 -2.437347719166198801e-01 3.586160366534530408e-01 9.609668452235261560e-01 1.563317653793599327e+00 2.165668462363672386e+00
-3.445349302461329088e+00 -2.865856607423376445e+00 -2.286363912385423802e+00 -1.706871217347470715e+00 -1.127378522309517850e+00 -5.478858272715652067e-01 3.160686776638725604e-02 6.110995628043401906e-01 1.190592257842292945e+00 1.770084952880245810e+00
-3.205489929615385147e+00 -2.638702261747458699e+00 -2.071914593879532696e+00 -1.505126926011606470e+00 -9.383392581436799107e-01 -3.715515902757536293e-01 1.952360775921726799e-01 7.620237454600989890e-01 1.328811413328025104e+00 1.895599081195951108e+00
-2.877936947462604422e+00 -2.320602110079172054e+00 -1.763267272695739685e+00 -1.205932435312307538e+00 -6.485975979288750581e-01 -9.126276054544293914e-02 4.660720768379895684e-01 1.023406914221421937e+00 1.580741751604854306e+00 2.138076588988286453e+00
-3.120577485547268104e+00 -2.577545332776005171e+00 -2.034513180004742239e+00 -1.491481027233479084e+00 -9.484488744622161516e-01 -4.054167216909531635e-01 1.376154310803098246e-01 6.806475838515727572e-01 1.223679736622835801e+00 1.766711889394098511e+00
-3.094241899880425972e+00 -2.533896926645511805e+00 -1.973551953410597637e+00 -1.413206980175683469e+00 -8.528620069407693016e-01 -2.925170337058550785e-01 2.678279395290589782e-01 8.281729127639732013e-01 1.388517885998887369e+00 1.948862859233801537e+00
-3.202494428121511749e+00 -2.660826043271316443e+00 -2.119157658421120694e+00 -1.577489273570925610e+00 -1.035820888720729860e+00 -4.941525038705343320e-01 4.751588097966125829e-02 5.891842658298568347e-01 1.130852650680052474e+00 1.672521035530248446e+00
-2.882308461339109229e+00 -2.334341061591289623e+00 -1.786373661843470018e+00 -1.238406262095651078e+00 -6.904388623478315834e-01 -1.424714626000119222e-01 4.054959371478072949e-01 9.534633368956267896e-01 1.501430736643446062e+00 2.049398136391265890e+00
-3.628033315015512628e+00 -2.976693926806495583e+00 -2.325354538597478538e+00 -1.674015150388461715e+00 -1.022675762179444892e+00 -3.713363739704279021e-01 2.800030142385888099e-01 9.313424024476056884e-01 1.582681790656622622e+00 2.234021178865639445e+00
-2.942946319900478169e+00 -2.402065263656678162e+00 -1.861184207412877933e+00 -1.320303151169077704e+00 -7.794220949252774755e-01 -2.385410386814772465e-01 3.023400175623228159e-01 8.432210738061228783e-01 1.384102130049923218e+00 1.924983186293723447e+00
-2.717145352015652104e+00 -2.201165972771910173e+00 -1.685186593528167798e+00 -1.169207214284425866e+00 -6.532278350406834910e-01 -1.372484557969412822e-01 3.787309234468004826e-01 8.947103026905427470e-01 1.410689681934284900e+00 1.926669061178027054e+00
-3.112116569685494660e+00 -2.531167911688274152e+00 -1.950219253691054089e+00 -1.369270595693833803e+00 -7.883219376966134062e-01 -2.073732796993930094e-01 3.735753782978273319e-01 9.545240362950476731e-01 1.535472694292268070e+00 2.116421352289488578e+00
-2.714819641992424426e+00 -2.194433042910039156e+00 -1.674046443827654107e+00 -1.153659844745269503e+00 -6.332732456628843432e-01 -1.128866465804992808e-01 4.074999525018856428e-01 9.278865515842706913e-01 1.448273150666655740e+00 1.968659749749041010e+00
-3.127117377481971605e+00 -2.590247349400720100e+00 -2.053377321319469484e+00 -1.516507293238217979e+00 -9.796372651569665857e-01 -4.427672370757155806e-01 9.410279100553577136e-02 6.309728190867869291e-01 1.167842847168038212e+00 1.704712875249289494e+00
-2.874206923228308952e+00 -2.384034033736248226e+00 -1.893861144244187278e+00 -1.403688254752126330e+00 -9.135153652600657148e-01 -4.233424757680047668e-01 6.683041372405620906e-02 5.570033032161170183e-01 1.047176192708177744e+00 1.537349082200238692e+00
-2.897698666975089044e+00 -2.411019816447614872e+00 -1.924340965920140478e+00 -1.437662115392666307e+00 -9.509832648651920239e-01 -4.643044143377178523e-01 2.237443618975651013e-02 5.090532867172307130e-01 9.957321372447048846e-01 1.482410987772179389e+00
-2.724498223682536135e+00 -2.213905753948929522e+00 -1.703313284215323131e+00 -1.192720814481716740e+00 -6.821283447481100159e-01 -1.715358750145036248e-01 3.390565947191027107e-01 8.496490644527092684e-01 1.360241534186315882e+00 1.870834003919922273e+00
-3.073698625418429753e+00 -2.521217937494906192e+00 -1.968737249571383074e+00 -1.416256561647859735e+00 -8.637758737243366181e-01 -3.112951858008133343e-01 2.411855021227095608e-01 7.936661900462328445e-01 1.346146877969756073e+00 1.898627565893278968e+00
-3.273836044425678882e+00 -2.633605723392676623e+00 -1.993375402359673920e+00 -1.353145081326671217e+00 -7.129147602936686257e-01 -7.268443926066613103e-02 5.675458817723370020e-01 1.207776202805339816e+00 1.848006523838342297e+00 2.488236844871344999e+00
