0.154291196994634
0.0776669840365775
0.115663081229638
0.0493479177090521
0.0346661137158176
0.0407269296768791
-0.0518164756267621
-0.143477886482051
-0.0993636960768935
-0.342144260120072
-0.505408032990283
-0.811219697986299
-0.686494578434234
-0.64480959385613
-0.328456841244594
0.0731386166429694
0.163276947650473
0.276747907754497
0.139502494231622
-0.00772518138636853
0.185601587211704
0.080644727349821
0.0452130614723825
0.0326650263442386
0.186584742929105
0.0105218835240563
-0.0562154167062437
-0.0724453505224295
-0.123186780530665
0.0266943201218304
