-0.00629626104458259
-0.0124886362891671
-0.0656259119626304
0.0553920129279244
0.00163681890379424
-0.113362893668988
-0.0823724183588576
-0.140995599759486
-0.119657269952436
-0.214046389709942
-0.228715094240484
-0.15943043560951
-0.129844833194661
-0.000647563513771582
-0.0972845477613713
-0.0640575451673528
0.0530625888731899
-0.122541929321386
0.0436204915605132
-0.0700521704733139
-0.0450052632990412
-0.108020441048672
-0.101159297559299
-0.00899610381305746
-0.0903640071062647
-0.0195710565374402
0.0176386410267105
-0.0951353724321275
0.00808708630960684
-0.0485360439758385
