1.11270834129402
0.198665644240647
0.699161444495181
1.18750859422636
0.392831750845022
0.781776361469876
0.735210019271878
0.371755834141199
-0.533517443621442
0.771254361711117
0.87654352722675
-1.92639528313523
0.0129118371131852
0.622257746088295
1.21772868869639
0.821317965508694
1.03624917101216
0.201310177377243
1.00337312095283
-0.980635003028161
0.597491194266879
-0.556321240588535
0.740295046356556
0.188418350416195
0.475378522036589
-0.197846499166704
0.596440878175687
1.65244279801052
0.109817209448051
0.998514646648611
0.617110091674888
0.567107735153903
-0.248761684509623
1.07284377296374
1.10341409031014
0.463002005606355
-0.037925339022389
0.61258790917664
-0.0176183515060543
1.09466517786134
0.393371279966388
1.10984855442372
0.0590464181993982
0.978267282891168
0.989697666092374
0.140393567808741
-0.499324648706148
0.00882992951884758
1.11685056611286
0.812632144452893
0.664230598780271
0.274967068545486
0.913056124360454
0.340003099652632
0.146547561907057
0.11082224632992
0.225443064216566
-0.0131440687781807
0.315618275337933
0.99370223912505
1.00983200397948
0.688963311320253
0.696832648149546
1.31245139142852
1.36698366886169
0.708033707582771
-0.0109278630248862
1.22244313931706
0.43589991508982
0.244123016911896
-0.12557059406534
0.970819225530061
-0.373151164266966
0.976659642289196
1.06116232757826
-1.37497222687075
0.79543553228472
0.114113169690228
-0.890589451590471
0.442322761233744
0.953559037078421
0.575566634503815
1.56312799680191
1.20561075179744
0.417851814657828
1.48826981553262
-0.34384869467146
-0.102096448463595
0.981867306127985
1.27222725008945
0.652654100653075
0.561669036973409
0.558247922309295
1.60128053235127
1.75920144529116
0.800108860811105
1.33905744372242
0.959517723247523
0.614858139531296
-2.01414337404613
0.236792565042053
-0.376714186827557
-0.492443319442926
0.387106339456133
0.628836360496998
0.0747196180784163
0.455338922445736
0.915223110299338
1.16329756669146
0.971563157639177
0.303436233062741
0.565852720639754
1.02991237263786
0.887689979465682
1.39349809233919
1.73765220890089
0.467960534325813
0.718486057720341
1.12179131677262
-0.629837058574373
0.616608878248298
0.999404563317924
0.256292062886874
0.983141346015705
-0.0682390042881555
1.26214825831541
1.92355443877714
1.23565390198189
-0.106314293780176
0.168659004990873
0.331532768381278
1.01986824870237
1.12463330162368
0.253442377380617
0.619630296342755
1.44650522969622
-0.353116468248968
0.182097555808788
0.599528668902794
0.577776112440304
1.34929908312448
0.504338975036021
1.03037737326378
0.916021203215471
0.0237785776941032
0.345185010336669
0.93939041361834
-0.311035830120826
-0.305333528284227
-0.413270853778513
0.587766824603726
-0.203139951052494
0.777873126172955
0.683271858401196
0.869566556375922
0.711489931981199
0.252509423529657
0.229253542482055
0.399198069810014
1.03633990308381
0.904455673245744
-0.569682118902243
1.07664616860278
0.848652599257051
1.55747943457182
-0.158449427784024
-0.58853436735306
-1.28388562037897
1.06339992630027
0.575984666628491
0.132694399745862
0.128552365167568
0.96914572770933
0.383976815909609
0.395265425828857
-0.494913108977046
0.167876538344927
-0.116817374504178
-1.11069721925176
-1.05810262877573
-0.546535507077376
0.574231008390152
-0.650619143025271
-0.482638913814396
-1.54877025978814
-0.370497747310539
-0.94801624709381
0.0119667022743962
-0.0873913587280587
-0.160830515961554
-1.01586353553876
0.982829502709032
0.224307074592391
0.0702770818348733
-0.8355470424902
-0.545429325927663
-1.17327042502155
0.0699028257550523
-0.713280017466117
-0.850365845441443
-0.973246747020109
-1.00706426079022
-0.798203880618512
-0.21996492133109
-1.8422950616705
-0.355452594552324
-1.29118138604842
-0.221036498909598
0.482303628034225
0.785686402172147
-0.64920793159172
-0.867732326970664
0.633660958089103
0.780923929986843
0.300942938322481
1.83235646989153
1.21659501689236
0.311678550805139
1.49157028393423
0.401687664748642
1.19241158386452
1.74234351991853
1.3150187131256
0.213743047742427
0.181557810405705
1.26539371724589
0.582770306070757
0.490941223746574
-0.014790945174282
0.693047549185407
0.640209582353494
1.13784661052337
-0.205681661183601
0.85093178333863
1.34753469763513
0.345396895685457
0.670792203505776
0.696680034255309
0.476510107492193
-0.305608218281646
1.17279908107078
0.862604175300758
-2.13262646211708
0.278331546174526
0.958586750890823
0.814411826413542
0.420088368079557
0.206491460536043
0.910230501369257
0.820774506074388
0.390596949453554
0.857237644714907
0.607820004997916
0.109970107214086
0.851797923428419
0.310259362151162
0.602838053890908
1.0828161694388
1.37103060044714
-0.497821668680446
0.887375295864533
1.84311779890109
1.49395784178405
0.138875544699797
1.15780112815071
0.42720155959964
1.18878551053486
0.921797517924007
1.12926160010704
1.13998910096865
1.65622036273394
1.54367841581506
0.0364646588385549
0.696887883954555
1.03941298060026
-0.0401874421476951
0.768122353578136
0.530418757451079
1.25788043544677
1.38625957582291
0.339525525651421
0.718612143603501
0.599414718879646
0.782966916716935
0.930974844587046
-0.539706819710393
0.137717141546129
-0.00643932158226261
0.282636158326622
0.139443077184173
-0.264390092292508
0.241899158914072
-0.0182207443553042
0.332226579839549
-0.673341657231694
0.688852471336222
0.748902832938234
0.851117939874871
0.595636086166134
1.29937436754954
1.49488651892753
0.63904085775125
0.564113711240242
0.0408757596529572
-0.390285837599855
0.780991831383498
1.04866184303634
0.977585699271581
-0.585860760221523
0.663744629975835
0.943492661190808
1.2455784067039
1.86261091554712
-0.352040220176269
0.136914818988876
0.382518335351556
0.706943574193102
-0.449766026485548
0.780556192380093
-0.120733996840972
0.362308093705753
-0.225059962334143
0.835879141526478
0.448015864302941
1.21634131085966
0.833742437167293
0.891711950865611
1.28727242217574
0.782287872939733
0.457657856385249
0.861827539309857
0.0612788143389842
1.67034839564045
1.0855496598056
1.24463690605932
-0.183875925740436
1.04904302713825
1.18885464656279
-0.43188393349033
0.183885697950441
-0.124814355943113
1.69836586652899
0.64573381179123
-0.965761260979261
-2.12237532338008
-0.35865248525755
0.602577584790666
1.56536724541009
1.15739212686303
0.137221295471869
-0.096716676921323
0.0305256102986669
0.0637902486670487
0.18351763323183
-1.0329106440895
0.95406507653068
0.10822347771805
0.755629067759808
0.0324090331484986
1.24761700046516
-0.155042191870396
0.876616286795844
1.44154591764661
-0.119921109870339
1.48719409160065
0.865346273269052
-0.18011537708642
1.07556235877107
-0.388364991331535
0.00458677509986796
0.846033199302141
-0.777589132492615
0.423771171176367
0.916491925400859
0.674649729875964
0.722528599958867
0.830297721720883
-0.7422059464184
-0.265646766551316
0.467249200685561
0.854029046617037
0.461767015385906
1.22721331207206
0.460148408947538
0.935847404479238
1.04221142456974
0.0205900679460842
1.08849710650724
1.28292583995414
1.08326035101501
0.573634131418463
0.0252382549613395
0.324641883293364
0.101744857040218
1.04086923611136
0.3714740709638
1.0351992838996
1.0792825791324
1.09559885091865
1.22634011182486
1.93648828415573
0.300520174624082
1.16494525363471
0.465646558987634
0.170338223220852
0.649384198016629
0.926227292884312
-0.194950406094649
0.563505727698127
1.13999826545739
1.27621207459465
0.0495535645128795
-0.388841211435885
0.647907120584354
-1.07079903525872
0.817149956784494
0.617868438684995
0.430554445892193
0.680587617347769
0.193520168769813
0.973024611241984
-0.0474808068983667
0.0335378763264185
0.774520541964087
1.27537849460344
-0.820533223428183
1.1099093456589
-1.609597900704
0.939300291864671
0.346044909257149
0.197392116999633
0.953618534208793
-0.829147596779273
0.842011403200018
1.04874457100272
-0.104330391076813
0.619619355421709
-1.77166337650934
-0.243899018435967
-0.0354461702398945
-0.788862908331933
0.438505032074108
-1.15680139903984
-0.939287568581922
-0.358741377814156
0.497947028296182
-1.07328247595736
-0.181869725051074
0.511280810273156
0.370774475546258
-0.155964253333205
-0.5426488541357
-0.920917779069029
0.224909192927128
-0.278508451385486
-0.261660388674972
-0.324243020154317
-0.229971484336514
0.122624395972813
-1.35040351180061
0.102174268636529
-0.43218303943163
-0.607870927808556
-1.20185745540513
0.418840025119311
-0.313929812389035
-0.249689938650437
0.685272720856
0.766545406717752
1.33606268305691
-0.018614046494168
0.317114675518207
1.41747788194706
1.00644060773235
0.366181365840377
0.819019772458582
1.21672622460963
0.308224442774218
0.411704068374506
0.323254102983276
1.12741045278534
1.08273183628603
0.153062617469274
0.673164979941318
1.90808962792825
0.176421440247319
1.24616745528835
0.5794620626061
1.00586913033812
0.580188142223769
