1.357232800000000017e+00 4.579722404479980469e+00
1.828870499999999955e-01 2.546721458435058594e+00
8.911947700000000250e-01 3.914841651916503906e+00
1.597194999999999920e+00 6.420572757720947266e+00
4.615264700000000220e-01 2.561182498931884766e+00
9.721774600000000488e-01 3.996454000473022461e+00
9.432096500000000106e-01 5.160308361053466797e+00
1.129328700000000046e-01 9.046241641044616699e-01
-7.774132900000000346e-01 -9.221490025520324707e-01
8.063131799999999627e-01 2.643804550170898438e+00
1.159403600000000090e+00 4.627785682678222656e+00
-2.596634400000000120e+00 -5.361645817756652832e-01
-8.422045300000000068e-02 5.788679122924804688e-01
7.195753000000000288e-01 2.501893520355224609e+00
1.459279599999999899e+00 5.278046131134033203e+00
1.041576599999999964e+00 4.545891284942626953e+00
1.388087899999999930e+00 5.078233242034912109e+00
2.881557399999999936e-01 1.692725181579589844e+00
1.285512800000000011e+00 4.665519237518310547e+00
-1.556513700000000000e+00 -1.160002350807189941e+00
4.996750600000000042e-01 2.406943798065185547e+00
-7.831644700000000014e-01 -2.169286489486694336e+00
8.497107200000000304e-01 3.853712558746337891e+00
4.618881499999999973e-01 1.096766471862792969e+00
5.011603199999999925e-01 1.548270463943481445e+00
-3.286526699999999801e-01 -4.104354977607727051e-01
5.121532699999999938e-01 1.283201813697814941e+00
2.265266399999999791e+00 1.146751213073730469e+01
9.392441899999999511e-02 1.597197413444519043e+00
1.279187300000000027e+00 4.833313465118408203e+00
4.907930200000000243e-01 1.689264416694641113e+00
3.662428899999999876e-01 7.085654139518737793e-01
-4.030341700000000249e-01 -2.391467809677124023e+00
1.519687299999999963e+00 4.924464702606201172e+00
1.297782999999999909e+00 4.749998569488525391e+00
4.639472499999999777e-01 1.238613009452819824e+00
-1.778490699999999980e-01 -4.108528792858123779e-01
7.715872599999999970e-01 2.505935907363891602e+00
-1.237858000000000014e-01 -5.903833508491516113e-01
1.423298100000000010e+00 5.395340919494628906e+00
5.324388799999999478e-01 1.516194939613342285e+00
1.441738299999999917e+00 5.719973564147949219e+00
9.066660699999999629e-02 1.777558565139770508e+00
1.414161500000000071e+00 5.022564888000488281e+00
1.047578899999999980e+00 2.620860099792480469e+00
1.532608000000000026e-01 1.156551718711853027e+00
-7.355234400000000283e-01 -5.804337859153747559e-01
-4.054283100000000140e-01 3.815754652023315430e-01
1.555546899999999955e+00 5.986995697021484375e+00
1.115477800000000075e+00 2.915882349014282227e+00
8.498407300000000442e-01 2.928490161895751953e+00
1.768239699999999900e-02 2.013367176055908203e+00
1.087768400000000080e+00 4.765111923217773438e+00
3.353127300000000033e-01 1.366097807884216309e+00
-5.720667799999999692e-02 8.933197855949401855e-01
-1.672472299999999967e-01 8.134863972663879395e-01
9.737084000000000017e-02 2.495265722274780273e+00
-2.168556799999999951e-01 6.533094495534896851e-02
2.482545600000000130e-01 3.097696900367736816e-01
1.130729799999999896e+00 5.354451179504394531e+00
1.323931399999999980e+00 4.860692501068115234e+00
9.773056599999999650e-01 3.639880418777465820e+00
8.255103200000000196e-01 3.074718475341796875e+00
1.578391000000000099e+00 5.114227771759033203e+00
1.634969300000000070e+00 6.369925022125244141e+00
9.878152000000000044e-01 2.502837419509887695e+00
-2.116840999999999862e-01 7.121427655220031738e-01
1.547111200000000020e+00 5.646586894989013672e+00
5.902469000000000188e-01 1.588240981101989746e+00
5.207797399999999910e-02 -3.836396932601928711e-01
-3.474723399999999907e-01 -9.832507371902465820e-01
1.106502600000000003e+00 5.061187267303466797e+00
-1.067323999999999939e+00 -2.112945079803466797e+00
1.337303399999999920e+00 5.942590236663818359e+00
1.451262100000000110e+00 5.442323207855224609e+00
-2.026232600000000161e+00 -1.786739826202392578e+00
7.622552500000000508e-01 3.217307329177856445e+00
-3.323552800000000029e-02 2.831072509288787842e-01
-1.378730299999999964e+00 -4.298170208930969238e-01
4.003280799999999751e-01 2.528529167175292969e-01
1.261165899999999951e+00 4.602952480316162109e+00
7.252334000000000280e-01 2.285111188888549805e+00
1.991950600000000016e+00 7.746215343475341797e+00
1.627295600000000064e+00 7.126177787780761719e+00
5.662290700000000010e-01 2.465198516845703125e+00
2.049457700000000049e+00 9.231287956237792969e+00
-4.275751999999999886e-01 -1.987296491861343384e-01
-2.092689799999999933e-01 1.388411045074462891e+00
1.098919100000000038e+00 4.389876842498779297e+00
1.671305899999999900e+00 5.191389560699462891e+00
8.381466800000000328e-01 2.612118005752563477e+00
8.026754900000000470e-01 3.870161294937133789e+00
7.257239300000000171e-01 3.262721061706542969e+00
2.187685099999999938e+00 9.782924652099609375e+00
2.428366800000000048e+00 1.299253463745117188e+01
1.041827199999999953e+00 3.201211929321289062e+00
1.772153700000000054e+00 6.527472019195556641e+00
1.084272700000000089e+00 3.851370334625244141e+00
8.543644700000000425e-01 2.802845239639282227e+00
-2.942299999999999915e+00 -2.187279462814331055e+00
1.108939800000000031e-01 1.017714381217956543e+00
-7.614646200000000364e-01 -1.371393203735351562e-01
-7.583953599999999629e-01 -2.138407826423645020e-01
4.177011500000000210e-01 1.968055009841918945e+00
5.788879399999999897e-01 1.564533472061157227e+00
-4.297243000000000035e-01 -5.858883857727050781e-01
5.285284999999999567e-01 2.555547714233398438e+00
1.112318200000000035e+00 3.808826208114624023e+00
1.312360699999999936e+00 5.316590309143066406e+00
1.113366099999999914e+00 6.174940109252929688e+00
1.684293699999999949e-01 1.013486742973327637e+00
3.815281699999999998e-01 1.418228864669799805e+00
1.150827400000000056e+00 4.350548744201660156e+00
1.012189500000000075e+00 3.727966070175170898e+00
1.907574899999999962e+00 9.311069488525390625e+00
2.291942600000000052e+00 1.128221225738525391e+01
5.532933199999999774e-01 2.305328845977783203e+00
7.409996199999999700e-01 3.516890287399291992e+00
1.358506699999999956e+00 3.886742115020751953e+00
-8.222066799999999676e-01 -1.062620878219604492e-01
5.255563199999999657e-01 2.177654027938842773e+00
1.050864100000000079e+00 3.754323482513427734e+00
2.341402499999999942e-01 1.059373378753662109e+00
1.068192500000000100e+00 3.326101064682006836e+00
-2.531460500000000113e-01 -9.212856888771057129e-01
1.595895700000000028e+00 5.360521316528320312e+00
2.583160400000000134e+00 1.502020454406738281e+01
1.575100100000000003e+00 6.258050441741943359e+00
-6.142299300000000351e-01 -2.022541522979736328e+00
1.388270400000000127e-01 6.292512416839599609e-01
1.912139700000000109e-01 1.101823210716247559e+00
1.198348600000000097e+00 4.473696231842041016e+00
1.261881400000000042e+00 5.990504264831542969e+00
1.739742099999999903e-01 4.597637653350830078e-01
8.492407299999999992e-01 2.684876441955566406e+00
1.776573799999999981e+00 8.457290649414062500e+00
-6.468559600000000076e-01 -1.993263661861419678e-01
-1.548428400000000094e-01 1.276716351509094238e+00
7.142739200000000066e-01 2.782894849777221680e+00
7.710921200000000475e-01 3.019682645797729492e+00
1.710474700000000015e+00 7.719109535217285156e+00
6.181887900000000435e-01 2.491131305694580078e+00
1.319278799999999974e+00 4.661172866821289062e+00
1.080826700000000029e+00 3.720329761505126953e+00
-1.886917999999999929e-01 6.790796518325805664e-01
4.283759500000000053e-01 1.646407723426818848e+00
1.043312000000000017e+00 5.221099376678466797e+00
-5.642344599999999932e-01 -1.540323734283447266e+00
-5.800375700000000023e-01 3.668079972267150879e-01
-7.265721400000000330e-01 -6.500228643417358398e-01
6.746274799999999461e-01 2.202540159225463867e+00
-6.449838700000000147e-01 -6.796520352363586426e-01
9.442688299999999479e-01 3.697594404220581055e+00
8.285837200000000236e-01 2.419108867645263672e+00
1.247596499999999997e+00 5.710099220275878906e+00
1.017107399999999995e+00 3.012578010559082031e+00
2.821637300000000015e-01 1.418415546417236328e+00
-1.952297400000000127e-01 1.066777110099792480e-01
1.945831699999999997e-01 5.766781568527221680e-01
1.380417500000000075e+00 4.671717643737792969e+00
1.044802400000000020e+00 4.363728046417236328e+00
-7.605704500000000090e-01 -1.661260724067687988e-01
1.366803999999999908e+00 6.485237598419189453e+00
1.061968900000000104e+00 5.173622131347656250e+00
2.065579200000000171e+00 8.287150382995605469e+00
-4.294017199999999868e-01 -2.895739078521728516e-01
-1.187791400000000053e+00 -6.749363541603088379e-01
-1.888932000000000055e+00 -8.827434778213500977e-01
1.421928199999999975e+00 4.083807945251464844e+00
5.473992600000000541e-01 1.217906713485717773e+00
7.399336400000000591e-02 5.697387456893920898e-02
8.851923300000000272e-02 3.204637765884399414e-02
1.184651600000000027e+00 4.097710609436035156e+00
5.826966500000000382e-01 2.400125026702880859e+00
3.908002899999999946e-01 1.900752067565917969e+00
-8.145407799999999643e-01 4.081805348396301270e-01
2.102787700000000037e-01 1.516857385635375977e+00
-7.432558500000000512e-01 6.439294815063476562e-01
-2.025105799999999956e+00 -3.202272891998291016e+00
-1.666227099999999961e+00 -3.371133208274841309e-01
-7.627899999999999681e-01 8.046277761459350586e-01
7.474945299999999904e-01 2.436180353164672852e+00
-1.529339100000000062e+00 -6.391561627388000488e-01
-1.071077099999999893e+00 -1.072421193122863770e+00
-2.715164399999999922e+00 -2.498218536376953125e+00
-1.205056099999999963e+00 -2.177133560180664062e+00
-2.106408899999999917e+00 2.260248661041259766e-01
-2.625692299999999868e-01 -4.365031421184539795e-01
-1.580297999999999981e-01 6.442912817001342773e-01
-7.228861399999999549e-01 -6.327669024467468262e-01
-1.654544100000000073e+00 -1.001549959182739258e+00
1.193618599999999974e+00 4.314899921417236328e+00
-1.143642299999999973e-01 -2.124097943305969238e-02
-4.236463099999999982e-02 3.972851037979125977e-01
-1.542658499999999933e+00 -2.806631565093994141e+00
-9.605090200000000467e-01 -1.099126338958740234e+00
-1.761089700000000091e+00 -1.134566068649291992e+00
-5.076559899999999459e-01 -6.371140480041503906e-03
-1.421908299999999903e+00 -1.022667288780212402e+00
-1.222822899999999935e+00 -2.677490234375000000e+00
-1.647215600000000002e+00 -1.744762659072875977e+00
-1.352044199999999918e+00 -1.220403909683227539e+00
-1.459583199999999970e+00 -5.501650571823120117e-01
-7.978643600000000502e-01 -8.902443647384643555e-01
-2.632528999999999897e+00 -2.519232273101806641e+00
-1.044355900000000004e+00 -5.016369223594665527e-01
-1.961894900000000108e+00 -2.353606700897216797e+00
-5.056062900000000138e-01 -6.108649373054504395e-01
4.672530699999999926e-01 1.843841552734375000e+00
8.065588599999999886e-01 1.575285315513610840e+00
-1.508425399999999916e+00 -1.858878612518310547e+00
-1.282630600000000065e+00 -1.229751467704772949e+00
7.123506099999999952e-01 2.779361009597778320e+00
8.512974100000000321e-01 3.913749217987060547e+00
3.019279500000000005e-01 2.276426076889038086e+00
2.516903300000000065e+00 1.270574283599853516e+01
1.615053700000000036e+00 7.160797595977783203e+00
4.030503899999999806e-01 1.673602461814880371e+00
2.035190300000000008e+00 8.708028793334960938e+00
4.953025099999999736e-01 3.872209310531616211e+00
1.491087999999999969e+00 5.864832878112792969e+00
2.473915900000000168e+00 1.382667350769042969e+01
1.732230900000000018e+00 6.425257205963134766e+00
3.578326900000000088e-01 1.616990685462951660e+00
1.554659700000000089e-01 1.464798569679260254e+00
1.769580300000000106e+00 7.150672435760498047e+00
8.225263600000000119e-01 1.785535931587219238e+00
5.408955699999999922e-01 2.176296472549438477e+00
7.958091700000000102e-02 4.870480298995971680e-02
1.074069500000000010e+00 3.789034366607666016e+00
7.463171499999999847e-01 2.065129995346069336e+00
1.342793399999999915e+00 4.818974971771240234e+00
-4.532782100000000147e-01 -1.224792242050170898e+00
1.120351799999999898e+00 4.223198890686035156e+00
1.818062000000000067e+00 7.220923423767089844e+00
3.267400899999999830e-01 6.612308025360107422e-01
8.423235500000000320e-01 2.654800176620483398e+00
8.775182700000000446e-01 2.170435667037963867e+00
2.244611300000000087e-01 9.928727149963378906e-02
-3.887656800000000024e-01 2.866315543651580811e-01
1.459929400000000044e+00 5.121164798736572266e+00
1.191720899999999972e+00 3.835341453552246094e+00
-2.999965299999999946e+00 -1.585107564926147461e+00
3.088814400000000071e-01 1.560904383659362793e+00
1.269150599999999907e+00 4.189241886138916016e+00
1.074610800000000088e+00 3.279886245727539062e+00
3.136747999999999759e-01 2.445250749588012695e+00
1.560932200000000047e-01 3.513897657394409180e-01
1.092948800000000054e+00 3.093312740325927734e+00
1.108697599999999950e+00 4.964452743530273438e+00
3.507157900000000272e-01 2.394579648971557617e+00
1.133757499999999974e+00 4.695232391357421875e+00
6.887946999999999820e-01 3.144601106643676758e+00
-2.419384800000000044e-02 1.359608292579650879e+00
1.122341100000000091e+00 3.814280271530151367e+00
4.399649999999999950e-01 1.533179044723510742e+00
7.655759800000000448e-01 3.063258409500122070e+00
1.398166100000000078e+00 5.213751792907714844e+00
1.611197400000000002e+00 6.907736778259277344e+00
-1.163117699999999921e+00 1.323004961013793945e+00
1.067150499999999891e+00 3.972803354263305664e+00
2.324983800000000045e+00 8.354524612426757812e+00
2.162899799999999928e+00 7.562257766723632812e+00
1.154079000000000042e-02 2.290927886962890625e+00
1.550942700000000007e+00 6.801946640014648438e+00
4.927594900000000222e-01 1.660478830337524414e+00
1.619340599999999908e+00 6.276835918426513672e+00
1.200600300000000065e+00 4.886454105377197266e+00
1.650867899999999944e+00 6.586730003356933594e+00
1.521372500000000016e+00 4.936454296112060547e+00
2.438436199999999943e+00 1.002124500274658203e+01
1.976022500000000015e+00 6.611466407775878906e+00
-9.416993499999999628e-02 2.251656055450439453e+00
8.869102899999999901e-01 3.497993469238281250e+00
1.292408199999999896e+00 4.101358890533447266e+00
-3.570639600000000136e-01 1.869970798492431641e+00
9.585122999999999838e-01 4.687313079833984375e+00
6.081451799999999519e-01 2.114405870437622070e+00
1.677055900000000044e+00 4.809258460998535156e+00
2.052125300000000152e+00 8.472293853759765625e+00
2.308565999999999951e-01 2.321184396743774414e+00
8.315430000000000321e-01 2.736087322235107422e+00
6.914332699999999887e-01 3.204194545745849609e+00
9.021677799999999747e-01 3.410783290863037109e+00
1.274056899999999937e+00 5.075632095336914062e+00
-6.953338900000000100e-01 1.322373151779174805e-01
-7.787795200000000029e-02 2.135128498077392578e+00
-2.723213999999999912e-01 7.706595659255981445e-01
3.054349199999999986e-01 2.587286472320556641e+00
-6.663813300000000217e-02 1.650075078010559082e+00
-4.758061399999999885e-01 2.389363288879394531e+00
2.545489100000000171e-01 2.046125411987304688e+00
-2.819581299999999735e-01 2.045918941497802734e+00
3.520642099999999886e-01 2.845139980316162109e+00
-7.548528199999999799e-01 1.022951483726501465e+00
8.816239999999999633e-01 3.541735172271728516e+00
8.678704900000000499e-01 4.137965679168701172e+00
1.066876200000000052e+00 4.560148239135742188e+00
7.198925099999999855e-01 2.496835231781005859e+00
1.920747900000000064e+00 7.275668144226074219e+00
1.934991399999999917e+00 6.798159599304199219e+00
7.617378799999999783e-01 2.646022796630859375e+00
7.570073299999999783e-01 3.874117612838745117e+00
-1.028433100000000072e-03 2.070293188095092773e+00
-6.043178700000000347e-01 1.142097711563110352e-01
9.492461300000000213e-01 3.059106111526489258e+00
1.398638100000000106e+00 4.880490303039550781e+00
1.309855400000000003e+00 4.505221843719482422e+00
-1.005233800000000066e+00 7.928705215454101562e-02
9.064032600000000439e-01 3.954178810119628906e+00
1.206363899999999933e+00 4.109992980957031250e+00
1.540815700000000010e+00 5.461853027343750000e+00
2.467488799999999927e+00 9.049294471740722656e+00
-7.904571299999999523e-01 3.064057826995849609e-01
-9.116474700000000431e-02 2.501826763153076172e+00
3.694553300000000262e-01 2.450666666030883789e+00
8.206255900000000159e-01 4.125437736511230469e+00
-1.000507000000000035e+00 -3.358388543128967285e-01
9.152647600000000105e-01 3.699356079101562500e+00
-6.224961700000000153e-01 -2.970517873764038086e-01
3.098925699999999783e-01 2.817801952362060547e+00
-8.292536299999999638e-01 1.818840742111206055e+00
9.882598799999999795e-01 4.245300769805908203e+00
4.423142400000000252e-01 2.138936758041381836e+00
1.478008900000000070e+00 5.360764503479003906e+00
9.252273600000000542e-01 2.509159564971923828e+00
1.043962499999999904e+00 3.324301242828369141e+00
1.657674799999999893e+00 6.219278335571289062e+00
9.209872999999999532e-01 3.812885046005249023e+00
4.673560700000000123e-01 2.732390642166137695e+00
9.817257499999999526e-01 3.134927511215209961e+00
-2.043033200000000105e-01 5.384551286697387695e-01
2.185417600000000071e+00 8.362319946289062500e+00
1.250916600000000045e+00 5.751246929168701172e+00
1.580230100000000082e+00 6.000032424926757812e+00
-6.756965600000000016e-01 6.281268596649169922e-02
1.422660800000000059e+00 5.161749362945556641e+00
1.442835499999999938e+00 5.554409980773925781e+00
-7.606048300000000095e-01 7.590815424919128418e-01
1.551786500000000013e-01 2.349608898162841797e+00
-4.470519700000000207e-01 1.068320393562316895e+00
2.097842800000000008e+00 6.629011631011962891e+00
6.977820599999999818e-01 2.849943876266479492e+00
-2.742712299999999992e+00 -1.743857741355895996e+00
-3.120116900000000193e+00 -2.759155273437500000e+00
-1.046491400000000072e+00 1.223630905151367188e+00
7.641959799999999969e-01 1.362444400787353516e+00
1.901281299999999952e+00 6.866951465606689453e+00
1.392362099999999936e+00 4.138798236846923828e+00
-5.104581400000000185e-02 1.394137263298034668e+00
-5.535427499999999723e-01 1.382064461708068848e+00
-3.024892200000000031e-01 1.168305873870849609e+00
-1.365964500000000081e-01 5.449281930923461914e-01
2.410576399999999828e-02 1.969178557395935059e+00
-1.395876200000000011e+00 7.482790350914001465e-01
1.120629700000000062e+00 4.265927314758300781e+00
-1.123981299999999989e-01 1.024972677230834961e+00
8.034333799999999748e-01 3.039904832839965820e+00
-4.843840099999999899e-02 7.808585762977600098e-01
1.763475200000000020e+00 6.657204151153564453e+00
-5.350149199999999494e-01 9.110146760940551758e-01
1.056379200000000074e+00 3.176282882690429688e+00
1.782091499999999940e+00 6.258943557739257812e+00
-1.511826000000000003e-01 2.253845691680908203e+00
1.799220000000000041e+00 5.552627086639404297e+00
9.789723099999999567e-01 4.744822978973388672e+00
-5.522076399999999996e-01 5.158190727233886719e-01
1.534166600000000047e+00 5.033919334411621094e+00
-1.087327399999999944e+00 8.431589603424072266e-02
-7.350787699999999925e-02 2.504461050033569336e+00
9.829787899999999912e-01 4.751386642456054688e+00
-8.265643400000000085e-01 9.583778381347656250e-01
4.612900999999999807e-01 1.987151741981506348e+00
1.078211999999999948e+00 4.950413227081298828e+00
7.793370299999999862e-01 4.248332023620605469e+00
8.165257799999999788e-01 4.288913726806640625e+00
1.013012199999999918e+00 4.252631187438964844e+00
-1.168430400000000091e+00 2.814548015594482422e+00
-7.274682399999999882e-01 8.872128725051879883e-01
4.724403600000000036e-01 2.296876192092895508e+00
1.110445600000000033e+00 4.351271629333496094e+00
4.971918300000000013e-01 2.124828815460205078e+00
1.775696099999999999e+00 6.786542892456054688e+00
5.521105699999999672e-01 3.056134223937988281e+00
1.286763399999999891e+00 4.729856967926025391e+00
1.319069499999999895e+00 5.157429695129394531e+00
-1.785739500000000091e-01 1.316070556640625000e+00
1.262656500000000070e+00 4.943894863128662109e+00
1.706310999999999911e+00 5.537164688110351562e+00
1.409190699999999907e+00 4.476000785827636719e+00
6.663625600000000482e-01 3.561445713043212891e+00
-2.554321800000000087e-01 1.799390077590942383e+00
2.654220899999999994e-01 1.590707063674926758e+00
8.710266099999999789e-02 2.171299934387207031e+00
1.351872500000000032e+00 4.513267993927001953e+00
4.153241500000000030e-01 1.914703249931335449e+00
1.330734400000000095e+00 5.540236949920654297e+00
1.404125599999999974e+00 4.014661788940429688e+00
1.198322099999999946e+00 4.481634616851806641e+00
1.515290100000000084e+00 5.846441268920898438e+00
2.654139499999999874e+00 1.032123184204101562e+01
2.089744699999999955e-01 1.368105888366699219e+00
1.436905300000000052e+00 5.329350948333740234e+00
4.663911299999999871e-01 1.184901833534240723e+00
2.489186999999999927e-01 1.357695102691650391e+00
7.541251700000000113e-01 3.253054380416870117e+00
1.157239700000000093e+00 5.151638507843017578e+00
-7.262360900000000008e-01 2.360765933990478516e+00
6.948632200000000037e-01 3.124385118484497070e+00
1.550906099999999954e+00 6.167383193969726562e+00
1.661457799999999985e+00 5.667418003082275391e+00
-1.641436099999999954e-01 7.281963825225830078e-01
-1.195787799999999956e+00 9.294406175613403320e-01
8.265323599999999660e-01 4.457496166229248047e+00
-1.602303100000000091e+00 3.522698283195495605e-01
1.101188999999999973e+00 5.293972015380859375e+00
6.544545400000000290e-01 2.679373741149902344e+00
4.958199899999999882e-01 2.980082511901855469e+00
9.390517200000000342e-01 4.665913581848144531e+00
5.703031499999999809e-02 2.325108051300048828e+00
1.420106000000000090e+00 5.394141197204589844e+00
-2.703562400000000254e-01 1.254877448081970215e+00
-2.431056099999999998e-01 1.403692245483398438e+00
1.062835900000000056e+00 3.690191507339477539e+00
1.761543300000000034e+00 6.884444236755371094e+00
-1.226477700000000004e+00 -5.484300255775451660e-01
1.390107900000000063e+00 5.898122310638427734e+00
-2.279513600000000029e+00 -1.949735760688781738e+00
1.115190799999999927e+00 4.189758777618408203e+00
2.882557399999999825e-01 2.471744775772094727e+00
-1.575532099999999922e-02 1.655870318412780762e+00
1.085269500000000109e+00 4.196934700012207031e+00
-1.370608100000000107e+00 -5.248290300369262695e-02
9.972806400000000515e-01 2.794347047805786133e+00
1.434082700000000044e+00 4.492830753326416016e+00
-1.468167999999999973e-01 3.233411788940429688e+00
6.958264100000000063e-01 2.095425128936767578e+00
-2.214116499999999821e+00 6.733661890029907227e-01
-7.967965700000000373e-01 1.459101200103759766e+00
-1.568795299999999893e-01 -5.083739757537841797e-02
-1.818530900000000061e+00 -6.289020180702209473e-02
3.269653499999999879e-01 1.802834272384643555e+00
-1.606691499999999939e+00 1.887039244174957275e-01
-1.335519200000000017e+00 7.042521238327026367e-02
-1.149767299999999937e+00 8.119374513626098633e-01
6.538552199999999592e-01 2.946960449218750000e+00
-1.200281099999999990e+00 3.254085481166839600e-01
-4.317092399999999941e-01 8.433360457420349121e-01
5.154567799999999478e-01 2.713174819946289062e+00
3.172216999999999953e-01 1.909501314163208008e+00
-5.578009600000000123e-01 1.339566230773925781e+00
-5.421660600000000052e-01 2.446621894836425781e+00
-1.184149499999999966e+00 5.150191783905029297e-01
-4.180499900000000241e-02 2.370387077331542969e+00
-8.711066400000000431e-01 4.606441259384155273e-01
-6.152009499999999687e-01 4.131551980972290039e-01
-6.010377099999999473e-01 2.261094093322753906e+00
-2.958132299999999826e-01 1.618551015853881836e+00
-1.005039399999999999e-01 9.928601980209350586e-01
-1.790564800000000067e+00 -1.934728324413299561e-01
-1.439689799999999964e-01 1.586559057235717773e+00
-1.138600999999999974e+00 -4.711561203002929688e-01
-1.068494099999999891e+00 -3.366506099700927734e-02
-1.402825200000000105e+00 7.692998647689819336e-02
4.122714299999999943e-01 2.153414487838745117e+00
-1.075222600000000028e+00 -1.808893680572509766e-01
-2.807378200000000268e-01 1.127208948135375977e+00
8.155766300000000246e-01 2.939531803131103516e+00
1.030217799999999961e+00 4.808623790740966797e+00
1.799124299999999899e+00 6.890421390533447266e+00
-2.584596200000000010e-01 1.248987555503845215e+00
2.397185599999999972e-01 2.114902734756469727e+00
2.007858000000000143e+00 6.805836677551269531e+00
1.333268600000000026e+00 6.294724464416503906e+00
3.211182899999999729e-01 2.039259910583496094e+00
9.612096300000000371e-01 2.176849126815795898e+00
1.696921300000000077e+00 6.955368518829345703e+00
4.187218200000000223e-01 3.163055181503295898e+00
4.273164300000000249e-01 2.597959518432617188e+00
2.314030099999999923e-01 1.398763298988342285e+00
1.352381400000000067e+00 4.861619949340820312e+00
1.240691999999999906e+00 4.769584178924560547e+00
-1.398908199999999991e-02 3.021155357360839844e+00
7.654634399999999950e-01 3.024319171905517578e+00
2.516638200000000047e+00 8.545564651489257812e+00
2.740818899999999947e-02 2.746324777603149414e+00
1.620805400000000063e+00 5.650326728820800781e+00
6.468658999999999937e-01 5.353419303894042969e+00
1.349550599999999934e+00 4.651641368865966797e+00
6.049629399999999491e-01 3.374809265136718750e+00
