-0.823427583928386
0.590998668617881
-1.5225227532551
0.505375464788568
-0.790506850979416
-0.648203186020505
-1.0121331572263
-0.386392132512073
-1.53334760492029
1.03125119288312
-0.143074690969757
1.66904298864967
-0.0107951221430459
2.05723796668365
0.560449389453324
0.925110288489518
-0.900085534179933
-1.22903446103982
-1.81696380901687
0.86991309722539
2.21203342606491
0.897422921962752
-0.904750914296457
-0.308764321552786
0.318102995920105
0.644896449571329
-0.26828622982654
-1.16206293838056
1.25988427245153
0.694992114914201
-0.21664553212721
-0.208986484111869
0.754643375247269
1.55478442056313
-0.400580660579346
-0.732884927503991
-1.57479864293614
-3.45512919948869
0.562808496798181
0.367495590700148
0.131830598823151
-0.543064272821261
0.885755773033384
-0.597814877000009
1.08836731701322
-1.21576540096235
-0.450086298252318
0.446802439585079
1.04561101802711
0.24678107217991
0.517590845785272
0.29038375245226
1.08823412118824
-0.222418793905659
-0.0616113160069138
1.61114371248607
-0.787879763125699
-0.879366722444456
-1.05858765158576
-0.852949360339922
-1.26389552546774
-0.649360428457217
2.05261816715682
-0.224509717683262
-1.42585311213027
-0.209420950978554
-0.644560252484221
1.06764706278541
-0.750148674083455
-0.776888953063647
0.0512143450623478
-0.75064148065846
-0.902038491075549
-1.4622143621331
-1.37387949390643
-0.347854750778628
-0.457164723021928
-1.41382008874619
-0.0264699535209756
-0.932297889052354
0.444649589602348
1.31717815971714
-1.93202790149806
0.25968754908194
0.513874645041609
0.189670056539059
0.480695265314219
-0.362655496529749
-0.166754299669302
-0.827368622291782
-1.07632074910791
0.169886966057666
0.337750954948373
0.381819922552024
-2.42143778744396
-0.808194026675022
1.16733432316053
0.75285003208513
1.18441109883975
-0.253309323071349
-0.450518269109054
0.0518097969692302
0.34154335177741
1.35241933145923
0.246861545207718
1.8478998547315
-1.43390598807373
1.74079365144966
-0.648130275970767
-0.633659594005434
-0.85013180324536
0.0387517164309092
-0.723309676375963
0.998776294587766
0.212465208213202
0.112051155684636
-2.24945850714278
-0.272152718076883
0.546086841560473
1.14259132087112
-1.14346450052302
0.180943898423518
-0.0408635988016922
-1.83089577736189
-0.649753804674166
0.383447845864728
-1.85187428556146
-0.554315528251758
-1.26042487543143
1.37499622552837
1.39299796015672
2.01538379484234
-0.89430238808698
0.19433950571454
-0.524474931816692
0.981312996337877
0.736441916536517
0.254777638347159
-0.390204279242403
-0.644276178102987
-1.19343606774061
0.538463368115516
-2.3525831323514
1.12587297186676
-0.285291858899406
0.728993733835664
-0.856775067405025
0.270031249436072
0.897106314097675
-0.908142624086075
0.243567370143321
-0.159829859630731
-0.283454946406277
0.777938294500327
-0.537306492936147
1.56301269503479
-1.31965054206599
-0.415120781096358
0.494031523224515
-0.242178973979859
-1.49426854684759
-0.327957304040092
0.384165735974537
-2.93886147053107
0.572806690892662
1.96980182728231
-0.615036685853496
0.378667730639534
1.50719623358475
-0.442091758310932
-0.47900548986238
0.969810949593037
0.500511884589682
-0.0415961238468541
0.0414735530070205
0.472505129711632
-1.4367184177148
0.0557175754389294
1.33698667448457
-0.657129314320136
-2.55909239628568
0.67174695962523
0.067181066980636
1.02530021966931
1.68896401344978
1.17811142282511
-1.56116252239926
0.819305508200869
0.999839720677988
-0.518406045960447
-0.780904915459582
1.02014863054745
0.848079678380664
0.943508945204348
0.226237675662087
0.6793062315461
-2.20009536957694
-0.417418382567489
-0.635630250909252
-0.0610890032842528
1.03325593702629
-0.458906723232639
-2.31253658146718
-1.87338720462212
-0.641783714796419
0.702035632646994
0.320957246912104
1.3216854931569
-1.24363437347852
0.133576555821064
1.50811297097113
0.50181176446939
-0.896120792849257
-0.43096247589072
1.22517979763739
1.52402063799961
-0.0762468877373649
0.817060722813428
-1.54456912346338
0.91765796847748
1.13975881298857
0.816901282227037
0.335221465472798
0.228009600624381
0.570766179648508
-1.16753570330718
-0.733599020187493
-1.58299998603206
0.0478575690641918
-0.104432092384492
-0.225850828231321
1.11806976527689
-1.08609557781771
1.33885978053525
0.662019166922569
-1.21263715706827
0.636543362771583
2.43162225907948
1.04834926545522
-1.47517562302999
-1.63435301117532
0.815886007894643
-1.74579712420055
2.0710007135324
-0.867497805726617
-1.33979432527259
0.766075608651568
0.535786581709519
-1.26355048759664
-1.50975823296902
-2.23024388410311
0.95020553246608
0.296885796624931
1.59240872374933
-0.553290538359554
0.859343800209933
1.0154542878051
0.107201915173161
-1.89951544598304
0.185251500133438
0.473712676624169
-0.779524867312039
0.397236959001709
0.683591258991428
-0.450096737210042
0.0327090990796154
-1.60064912926242
0.958140987450178
-1.36445369078434
-0.412760487899327
0.0717158504148004
0.365730291530321
-0.276454973767455
0.308358174757961
-0.124756283104009
1.11016483735831
0.294927029109592
-1.64362962073073
-1.701681346175
0.111089345526406
-1.47247802903082
0.671933577094149
0.154948212234629
-0.293580393803665
-1.18459535045734
0.606035580606482
2.45529116316102
-0.673835776687999
-1.61427634984646
0.120533440114187
0.224476415686718
-0.360244253797712
0.945163638230701
-0.258958624278813
-0.455629160047047
-0.578997973491848
1.65895942043442
-0.543860777206689
1.08228637784636
-1.06464343443042
0.986078265063177
1.40024723780909
1.14591927173062
-0.586159869992949
0.389589746376403
0.928967438640266
0.0834111584653471
1.60937804687351
-0.153941355068163
1.20994311291515
2.07976160686165
-1.57063932224323
-1.09827035475285
-0.507246108343958
-1.14486392258002
-0.88377306616837
-0.499681526028045
-0.477952263756098
1.4358066052738
-1.37182133541108
1.46545117649431
-0.468670330587025
-1.67707036930743
-0.524689666059093
-0.155078734108347
1.81329944530239
-0.431565135575378
0.298101717323533
-0.48279096195294
-1.78271563888369
-1.0876060216195
-1.73422419524652
-1.28770256164556
-0.656418242776218
0.898844772873364
1.33551158391385
-1.22399332925435
0.785701261840509
-0.358769864759444
-1.20661666130167
-0.133064089183227
-1.55644966376174
-1.07637782544292
-0.0204199815547854
-1.41870537608238
-0.229332376909658
1.40426322471755
-1.43328055471821
0.273596950316518
-0.651025671839737
1.4107115415266
0.280103118370857
-2.01278562218191
-0.492764707682368
0.137647784127665
0.129432812009103
0.423912295017834
-0.790395293146819
0.367476469045549
0.827665284496028
1.04426030350358
0.909864107367605
1.73040181658773
-1.32939116860068
-1.73490382824201
0.79809403698001
0.312823023263474
0.466495022559824
0.0859055138486591
-0.305883701478818
-0.200477370589398
0.552749675264935
1.82973784594967
-0.876460731060516
-0.614145664887176
-0.477014914566203
0.240101202243233
0.981434869280812
1.47992587555816
1.38485816145477
0.316238859859644
0.68090232389112
-1.08381541424917
-0.183904920998407
0.93782230241584
-1.1600237638246
0.32763787545253
1.62425406704694
-0.0823374637711923
-1.11422882557097
-0.75426565446568
-0.777386503918861
0.287049167225993
-1.16055169727016
0.47736391766608
0.903356594862756
-1.3943193061629
-0.715099630060784
0.396184512091966
1.03624271595964
-0.662517495825112
-0.060675914440682
0.188059309464229
0.375583854553618
-0.105018245897103
-0.183165761619769
-0.132177382347158
-1.02858266177968
-0.198807505190119
-1.18693076752055
2.78865222393349
-1.78677338353228
0.341154677974578
0.354096915078127
-0.192910004424037
0.863176656219049
-0.906428567141849
-1.28205325978405
0.0993793381718882
0.463044115940206
0.483103930945011
-1.28962859487876
1.05180624946029
0.800779037989823
-0.949690147255606
0.591133553916101
-1.79519820941604
-0.547962132890662
-0.836062600405068
0.692286170546267
0.4430305457051
0.286202361598964
-0.055723552281468
0.458640782556547
0.642176621319471
-0.156417726858777
-0.45442235409336
-0.705973354611714
-1.20813608994363
0.0436380724717563
-1.28689158073072
-0.678766303980738
-2.08088945761192
-1.25938749517082
-2.70928655570156
0.536048479214133
-0.826563752823742
-1.50273045540181
-0.129172712670915
-0.773430160161638
0.583972657744186
0.735667209716069
0.595782645055775
0.139984916889707
0.873325192077298
0.904580864956083
1.2276128711219
-0.205295529399078
0.793248307806761
0.00616454894822489
1.38405112037395
-0.0178191302517605
1.315247763946
0.83082826453724
-0.00191643493793024
-1.34163438402499
1.41250972405672
-0.240110476349447
1.80401681208439
1.34926309972141
-1.61538939028192
-0.550128663458263
1.95016195462753
1.18368594857148
-0.817397681017087
-0.511870529388082
0.27071704743826
1.17139195331122
0.116671919586673
-0.63690598175475
-1.19874155430589
-0.480499388310862
0.561008736541969
-2.17755738588648
-1.38401843371613
1.17502503835166
0.133462359487228
1.190233970552
-1.24183682343012
-0.692758056529412
