0.000000000000000000e+00 0.000000000000000000e+00 7.092034699663105624e-01 1.780109659862563865e+00 2.767402798066556091e+00 3.784117133025525437e+00 4.762840076034899894e+00 5.588564688576882489e+00 1.011907014222298606e+01 1.186994205940006353e+01 1.361934598608245039e+01
0.000000000000000000e+00 0.000000000000000000e+00 1.334614366232441007e+00 2.159690454204768795e+00 2.894637742022168059e+00 3.730964148339421804e+00 4.517784797030265587e+00 5.052273864406077841e+00 9.749513200119018563e+00 1.186994205940006353e+01 1.361934598608245039e+01
0.000000000000000000e+00 0.000000000000000000e+00 1.778039075902095867e+00 2.481371061811244338e+00 2.931826992864502657e+00 3.616775332044027902e+00 4.377156183611886853e+00 5.585236645183967674e+00 1.001461151166977004e+01 1.186994205940006353e+01 1.361934598608245039e+01
0.000000000000000000e+00 0.000000000000000000e+00 2.271789679087934388e-01 1.732899253554893937e+00 2.813119263017133775e+00 3.844971895446762655e+00 4.650192586174955345e+00 5.176508387135124956e+00 1.011943689431159399e+01 1.186994205940006353e+01 1.361934598608245039e+01
0.000000000000000000e+00 0.000000000000000000e+00 9.679256891175371802e-01 2.167745169922414394e+00 2.895420056630655381e+00 3.680791922136684491e+00 4.445313843560808387e+00 5.566095404239369770e+00 1.012054084467399662e+01 1.186994205940006353e+01 1.361934598608245039e+01
0.000000000000000000e+00 -1.221928957994825038e-02 -3.651453407285194103e-02 1.557182998097404569e+00 2.794930724706397918e+00 3.929993459347942864e+00 4.698330003748911743e+00 4.677521627370006208e+00 8.521740635189830826e+00 1.186994205940006353e+01 1.361934598608245039e+01
0.000000000000000000e+00 0.000000000000000000e+00 7.413171064520499565e-01 1.960727887899897937e+00 2.929202005980283463e+00 3.781409282193752386e+00 4.304103948866641716e+00 4.447402963433488843e+00 4.591879989646221460e+00 1.116101640085100577e+01 1.361934598608245039e+01
0.000000000000000000e+00 0.000000000000000000e+00 -1.156356016309339763e-01 1.582178287638467129e+00 2.821608525924200528e+00 3.881829060214934568e+00 4.572491677589422210e+00 4.108493569641654020e+00 4.989181233399616389e+00 1.186994205940006353e+01 1.361934598608245039e+01
0.000000000000000000e+00 0.000000000000000000e+00 7.851898843246643001e-01 2.087040921476340127e+00 2.826663089269225715e+00 3.740983398485037359e+00 4.631341952848616828e+00 5.673411525659121324e+00 1.012054084467399662e+01 1.186994205940006353e+01 1.361934598608245039e+01
0.000000000000000000e+00 0.000000000000000000e+00 5.365836237083608795e-01 2.058936274718984105e+00 2.876641342376210719e+00 3.730406759431102781e+00 4.540630753704387956e+00 5.348876570475277425e+00 1.012054084467399662e+01 1.186994205940006353e+01 1.361934598608245039e+01
0.000000000000000000e+00 0.000000000000000000e+00 1.041576925277076349e+00 2.053220238476061166e+00 2.919369835083151621e+00 3.749056714956694680e+00 4.418582891362206944e+00 4.629043639012055955e+00 7.176119502148993412e+00 1.186994205940006353e+01 1.361934598608245039e+01
0.000000000000000000e+00 0.000000000000000000e+00 4.247947672552643272e-01 1.705413621711716399e+00 2.697772343118659766e+00 3.850589276473155298e+00 4.906837145096266894e+00 5.514312593922856998e+00 7.829557050097101900e+00 1.186994205940006353e+01 1.361934598608245039e+01
0.000000000000000000e+00 0.000000000000000000e+00 6.470121347043941151e-01 1.858650878008555329e+00 2.826502999455086318e+00 3.779517192122812119e+00 4.638956781570974464e+00 5.759167930469064167e+00 1.012054084467399662e+01 1.186994205940006353e+01 1.361934598608245039e+01
0.000000000000000000e+00 6.551930598381436495e-04 1.207237036091257210e+00 2.084481006460080721e+00 2.880368571831366076e+00 3.710814035794719246e+00 4.567314461748985366e+00 4.775034151120963521e+00 5.302730170820146860e+00 9.669378547330842011e+00 1.361934598608245039e+01
0.000000000000000000e+00 0.000000000000000000e+00 2.371259409375733040e-01 1.853653493769064076e+00 2.923919007078593868e+00 3.800773683690895410e+00 4.185740946655605477e+00 4.560704983029527426e+00 1.012054084467399662e+01 1.186994205940006353e+01 1.361934598608245039e+01
0.000000000000000000e+00 0.000000000000000000e+00 2.781822455797132720e-01 1.874954804021609522e+00 2.813896206734376015e+00 3.780845533205742459e+00 4.599765375301590353e+00 5.417007950457617405e+00 1.008999887472797319e+01 1.186994205940006353e+01 1.361934598608245039e+01
0.000000000000000000e+00 0.000000000000000000e+00 8.994755619793248780e-01 1.997628243613602583e+00 2.871618637729920209e+00 3.766325488813007549e+00 4.376948256019980832e+00 4.438333513483097015e+00 6.842886775461292537e+00 1.186994205940006353e+01 1.361934598608245039e+01
0.000000000000000000e+00 0.000000000000000000e+00 3.992027934210757856e-01 1.826835566584728010e+00 2.790227496167311028e+00 3.766856554617213693e+00 4.791869331073423055e+00 5.924909255165434097e+00 1.012054084467399662e+01 1.186994205940006353e+01 1.361934598608245039e+01
0.000000000000000000e+00 0.000000000000000000e+00 5.367306844472130578e-01 1.872685214888728744e+00 2.857551963755254221e+00 3.791990962657750597e+00 4.543874927449352619e+00 5.393862327113525978e+00 1.012054084467399662e+01 1.186994205940006353e+01 1.361934598608245039e+01
0.000000000000000000e+00 0.000000000000000000e+00 1.188684725264483877e+00 2.078926910879999479e+00 2.752186189649878489e+00 3.758597429231561815e+00 4.888058186232247415e+00 6.479282261182171432e+00 1.012054084467399662e+01 1.186994205940006353e+01 1.361934598608245039e+01
0.000000000000000000e+00 0.000000000000000000e+00 3.534469899034076157e-01 1.698878234035241963e+00 2.817339676873476861e+00 3.828025231786736260e+00 4.714808611247631731e+00 5.917736338035445520e+00 1.012054084467399662e+01 1.186994205940006353e+01 1.361934598608245039e+01
0.000000000000000000e+00 0.000000000000000000e+00 8.389525632347638595e-01 1.934874882433375243e+00 2.820631907785468240e+00 3.801227334871959851e+00 4.687521280878307550e+00 5.899748331183976013e+00 1.012054084467399662e+01 1.186994205940006353e+01 1.361934598608245039e+01
0.000000000000000000e+00 0.000000000000000000e+00 1.236583299069571762e+00 2.071759237669502429e+00 2.778701569050211706e+00 3.765581056019318140e+00 4.830910353561003845e+00 6.204667119886890347e+00 1.012054084467399662e+01 1.186994205940006353e+01 1.361934598608245039e+01
0.000000000000000000e+00 3.260258399894451140e-03 1.641762604405506698e+00 2.152185326071480720e+00 2.896232660991156393e+00 3.738928125650767598e+00 4.449475868055404959e+00 4.937927876475609601e+00 1.011757399975687477e+01 1.186994205940006353e+01 1.361934598608245039e+01
0.000000000000000000e+00 0.000000000000000000e+00 2.096155444070385288e-01 1.823846002125929511e+00 2.917379155884093578e+00 3.815997706864856731e+00 4.261674658059267706e+00 4.104513603740631567e+00 8.786162807305757383e+00 1.186994205940006353e+01 1.361934598608245039e+01
0.000000000000000000e+00 0.000000000000000000e+00 8.040548158943761070e-01 1.895414380856327297e+00 2.766031005721710123e+00 3.762710199682812284e+00 4.850349023127174419e+00 6.276103355088353375e+00 1.012054084467399662e+01 1.186994205940006353e+01 1.361934598608245039e+01
0.000000000000000000e+00 0.000000000000000000e+00 8.706637380690183114e-01 2.079950947995309551e+00 2.918196675486063985e+00 3.739217741612387513e+00 4.377922394281669405e+00 4.718536767130865783e+00 9.481532975429990628e+00 1.186994205940006353e+01 1.361934598608245039e+01
0.000000000000000000e+00 0.000000000000000000e+00 5.146573280185912092e-01 1.894504112875182500e+00 2.934902483807065199e+00 3.806066192111116742e+00 4.333278870317174736e+00 4.990458764413378212e+00 1.012054084467399662e+01 1.186994205940006353e+01 1.361934598608245039e+01
0.000000000000000000e+00 0.000000000000000000e+00 7.375386067555806946e-01 1.926194609851213269e+00 2.832026071926240451e+00 3.782468738485797122e+00 4.611708546230262051e+00 4.842476026273326184e+00 8.923704500086724778e+00 1.186994205940006353e+01 1.361934598608245039e+01
0.000000000000000000e+00 0.000000000000000000e+00 1.001262565283951078e+00 2.143390236139158134e+00 3.010249691224732072e+00 3.709510314998569758e+00 4.165140625588067635e+00 4.878603738027780246e+00 1.012054084467399662e+01 1.186994205940006353e+01 1.361934598608245039e+01
0.000000000000000000e+00 0.000000000000000000e+00 1.215449953241559022e+00 2.128176580645438687e+00 2.845811655172322041e+00 3.706077583000969344e+00 4.535953476801211082e+00 5.007732697436870772e+00 8.462836861836409597e+00 1.186994205940006353e+01 1.361934598608245039e+01
0.000000000000000000e+00 0.000000000000000000e+00 1.601918383570106075e+00 2.357198559680685257e+00 2.915068680665261258e+00 3.666482194466285538e+00 4.389341732655357653e+00 5.252630136988950760e+00 1.012054084467399662e+01 1.186994205940006353e+01 1.361934598608245039e+01
0.000000000000000000e+00 0.000000000000000000e+00 1.047116009644609047e+00 2.116074381777168334e+00 2.876732377946554564e+00 3.724464189741352627e+00 4.576913486190431257e+00 5.685727353453503774e+00 1.012054084467399662e+01 1.186994205940006353e+01 1.361934598608245039e+01
0.000000000000000000e+00 0.000000000000000000e+00 1.350827848593559199e+00 2.109715744018116013e+00 2.860022359220896870e+00 3.756286912965341340e+00 4.561075593528080674e+00 5.356470869301384496e+00 1.012054084467399662e+01 1.186994205940006353e+01 1.361934598608245039e+01
0.000000000000000000e+00 1.348611260794097466e-03 1.952221112460404306e+00 2.070112209511047130e+00 2.769425073564250273e+00 3.717418245838614244e+00 4.709648082287275273e+00 5.983431430739029722e+00 1.011963406653321940e+01 1.186994205940006353e+01 1.361934598608245039e+01
0.000000000000000000e+00 0.000000000000000000e+00 8.991411556949416850e-01 2.075012614729079274e+00 2.892670295144348813e+00 3.768006906508531095e+00 4.503540758257245535e+00 4.984176034384745435e+00 9.966995387789239658e+00 1.186994205940006353e+01 1.361934598608245039e+01
0.000000000000000000e+00 0.000000000000000000e+00 3.469033136605827461e-01 1.775346690499156388e+00 2.790086523731623913e+00 3.833819260464001122e+00 4.755312485372212628e+00 5.978836561087158330e+00 1.012054084467399662e+01 1.186994205940006353e+01 1.361934598608245039e+01
0.000000000000000000e+00 5.775075105604376979e-03 1.298620456239733656e+00 1.955902887892716491e+00 2.834291495329057220e+00 3.787953026304625048e+00 4.639045419296272676e+00 5.171379588115163628e+00 9.099531954897628339e+00 1.186994205940006353e+01 1.361934598608245039e+01
0.000000000000000000e+00 0.000000000000000000e+00 1.154197071380191675e+00 2.160792230745758324e+00 2.838928536729593777e+00 3.696263132109422145e+00 4.600807882421225514e+00 6.105476053152391280e+00 1.012054084467399662e+01 1.186994205940006353e+01 1.361934598608245039e+01
0.000000000000000000e+00 0.000000000000000000e+00 9.107660113710077665e-01 2.087156829206628039e+00 2.830433944377492850e+00 3.781125095270980729e+00 4.592328755772172144e+00 5.238042705908777741e+00 6.317482323326036209e+00 1.176406573905830122e+01 1.361934598608245039e+01
0.000000000000000000e+00 0.000000000000000000e+00 2.044800338455015076e-01 1.744824815648858163e+00 2.827297264848485980e+00 3.830036367705900169e+00 4.688523014683443790e+00 5.519023830241114759e+00 1.012054084467399662e+01 1.186994205940006353e+01 1.361934598608245039e+01
0.000000000000000000e+00 0.000000000000000000e+00 6.984586256643950941e-01 1.891433170293021160e+00 2.791685289452751739e+00 3.795941784712613565e+00 4.697487271026053790e+00 5.920527055871625421e+00 1.012054084467399662e+01 1.186994205940006353e+01 1.361934598608245039e+01
0.000000000000000000e+00 0.000000000000000000e+00 1.814638342585917385e+00 2.253008093054192251e+00 2.829992379053657192e+00 3.688118813772818250e+00 4.625185747399079617e+00 5.635979312247551221e+00 9.431432770417311318e+00 1.186994205940006353e+01 1.361934598608245039e+01
0.000000000000000000e+00 0.000000000000000000e+00 -1.960834061914042692e-01 1.493582356150831236e+00 2.745200581832425435e+00 3.922273856108194234e+00 4.868850866948862155e+00 6.167332534880832995e+00 1.012054084467399662e+01 1.186994205940006353e+01 1.361934598608245039e+01
0.000000000000000000e+00 0.000000000000000000e+00 3.341375338177574594e-01 1.831090959493127945e+00 2.904098412982455191e+00 3.803917621413149597e+00 4.298976512573437603e+00 4.244730464602333164e+00 9.942399806101953175e+00 1.186994205940006353e+01 1.361934598608245039e+01
0.000000000000000000e+00 0.000000000000000000e+00 5.197052207654477840e-01 2.011051208201281693e+00 2.984724473309765980e+00 3.726008401987425778e+00 4.131988133511574901e+00 4.835251071730722217e+00 1.012054084467399662e+01 1.186994205940006353e+01 1.361934598608245039e+01
0.000000000000000000e+00 0.000000000000000000e+00 7.586452635629722385e-01 2.032171777971886861e+00 2.953905488524081413e+00 3.762010859458041701e+00 4.168167558751534330e+00 4.254893830222542306e+00 1.009572989123909892e+01 1.186994205940006353e+01 1.361934598608245039e+01
0.000000000000000000e+00 0.000000000000000000e+00 9.289812186278120221e-01 2.092041719716265735e+00 2.845801933803422834e+00 3.762976969039214303e+00 4.560661035496049287e+00 5.337717889339809396e+00 1.012054084467399662e+01 1.186994205940006353e+01 1.361934598608245039e+01
0.000000000000000000e+00 0.000000000000000000e+00 7.533075671241447058e-01 2.072730908739434774e+00 2.844382055776359941e+00 3.727154566303032546e+00 4.566451250855348754e+00 5.779099969639976742e+00 1.012054084467399662e+01 1.186994205940006353e+01 1.361934598608245039e+01
0.000000000000000000e+00 0.000000000000000000e+00 1.641917964286311094e+00 2.309369756463600432e+00 2.885767039895549058e+00 3.682770283083634411e+00 4.380395162101520690e+00 5.159334446737295465e+00 9.378945116885111233e+00 1.186994205940006353e+01 1.361934598608245039e+01
0.000000000000000000e+00 0.000000000000000000e+00 1.079762863774317516e+00 1.804889307934505194e+00 2.761584073621723867e+00 3.789837747835946846e+00 4.773520638637503311e+00 5.604164735263030828e+00 9.395596681050800925e+00 1.186994205940006353e+01 1.361934598608245039e+01
0.000000000000000000e+00 9.979883911401192520e-03 2.152820512883518056e+00 2.167853792312856687e+00 2.767629655307504599e+00 3.779867995893525734e+00 4.887210116132730597e+00 6.730962804048198578e+00 1.012054084467399662e+01 1.186994205940006353e+01 1.361934598608245039e+01
0.000000000000000000e+00 0.000000000000000000e+00 1.291998318246636135e+00 2.064984940596094720e+00 2.807864549427404377e+00 3.778158622718531312e+00 4.791642388007715248e+00 6.439251139111077826e+00 1.012054084467399662e+01 1.186994205940006353e+01 1.361934598608245039e+01
0.000000000000000000e+00 0.000000000000000000e+00 -5.955841555186027619e-02 1.697367279842216803e+00 2.899261318877603522e+00 3.858859842964435405e+00 4.347325357724308503e+00 3.267502263833885756e+00 2.961023735295159831e+00 9.687433567809716095e+00 1.361934598608245039e+01
0.000000000000000000e+00 0.000000000000000000e+00 1.069693444759487022e+00 2.185549758738605242e+00 2.884004997186152774e+00 3.712685616354052698e+00 4.450898420251621523e+00 4.593671647353525955e+00 4.910374278373647705e+00 9.989886421731602795e+00 1.361934598608245039e+01
0.000000000000000000e+00 0.000000000000000000e+00 9.989193308524770831e-01 2.212211927875234352e+00 2.952978576780829201e+00 3.726175736848460485e+00 4.287294605976279094e+00 4.250953174995219186e+00 8.945270917225379037e+00 1.186994205940006353e+01 1.361934598608245039e+01
0.000000000000000000e+00 0.000000000000000000e+00 9.953249647237120135e-01 2.122948599233036582e+00 2.835309572931170141e+00 3.694630522618328250e+00 4.465501830357425206e+00 5.212056997378577528e+00 1.003924167914616739e+01 1.186994205940006353e+01 1.361934598608245039e+01
0.000000000000000000e+00 0.000000000000000000e+00 4.548440383295028200e-01 1.810122026242525495e+00 2.791938965690299757e+00 3.835392145138641240e+00 4.800151056734179633e+00 5.717217205153695581e+00 1.012054084467399662e+01 1.186994205940006353e+01 1.361934598608245039e+01
0.000000000000000000e+00 0.000000000000000000e+00 1.090406767588846471e+00 2.129254675064306657e+00 2.825943385220717641e+00 3.720974337857737346e+00 4.650798461862685862e+00 5.252678715044947211e+00 9.222216404005800783e+00 1.186994205940006353e+01 1.361934598608245039e+01
0.000000000000000000e+00 0.000000000000000000e+00 9.737215277946584813e-01 2.007509213175011187e+00 2.811325081953252258e+00 3.746103416497581495e+00 4.608401436408263940e+00 5.578580896620706220e+00 1.012054084467399662e+01 1.186994205940006353e+01 1.361934598608245039e+01
0.000000000000000000e+00 0.000000000000000000e+00 1.062426162868764123e+00 1.930431629054195186e+00 2.784473848409221297e+00 3.773856332419023740e+00 4.806825265413473325e+00 5.991356176415573387e+00 1.012054084467399662e+01 1.186994205940006353e+01 1.361934598608245039e+01
0.000000000000000000e+00 0.000000000000000000e+00 6.839222642785421913e-01 1.863448663959133889e+00 2.785331928349019215e+00 3.784936959833905323e+00 4.683320335905534648e+00 5.524225081875451693e+00 9.126943605104434809e+00 1.186994205940006353e+01 1.361934598608245039e+01
0.000000000000000000e+00 0.000000000000000000e+00 4.151120438318021688e-01 1.808524515832059087e+00 2.825515052753550194e+00 3.813504461553285374e+00 4.669336896234482559e+00 4.698332021871137520e+00 6.390505611711579270e+00 1.186994205940006353e+01 1.361934598608245039e+01
0.000000000000000000e+00 0.000000000000000000e+00 8.871579789802702676e-01 2.003402037916346412e+00 2.913285807101903657e+00 3.754497450329720820e+00 4.431801582155430630e+00 5.207865642924840444e+00 1.012054084467399662e+01 1.186994205940006353e+01 1.361934598608245039e+01
0.000000000000000000e+00 0.000000000000000000e+00 2.306381171706063105e-01 1.756933524289385318e+00 2.869171726652877563e+00 3.831235881249200670e+00 4.526248351002985615e+00 4.597191820888938629e+00 8.916096242136699601e+00 1.186994205940006353e+01 1.361934598608245039e+01
0.000000000000000000e+00 0.000000000000000000e+00 8.455063823229069797e-01 2.108375100794182888e+00 2.988373411151640457e+00 3.730759451307150698e+00 4.217913863520829310e+00 4.423135512231192834e+00 1.005728544819980996e+01 1.186994205940006353e+01 1.361934598608245039e+01
0.000000000000000000e+00 0.000000000000000000e+00 5.662099441103869424e-01 1.825457454090546605e+00 2.820692600586218290e+00 3.834370229194991708e+00 4.716173720542272463e+00 5.217853834353533671e+00 6.004440109692337657e+00 1.175920753534686369e+01 1.361934598608245039e+01
0.000000000000000000e+00 0.000000000000000000e+00 1.186801862685067599e+00 2.177900651469470095e+00 2.889034876705572241e+00 3.707263793990975387e+00 4.421709331608631111e+00 4.817169624760527569e+00 8.339212151825600827e+00 1.186994205940006353e+01 1.361934598608245039e+01
0.000000000000000000e+00 0.000000000000000000e+00 6.093151118208189887e-01 1.895992097101543150e+00 2.763723195972047630e+00 3.780075407724277081e+00 4.750747687401794650e+00 5.956496611285993836e+00 1.012054084467399662e+01 1.186994205940006353e+01 1.361934598608245039e+01
0.000000000000000000e+00 0.000000000000000000e+00 2.454927848198854567e-01 1.637230358888299486e+00 2.671663733497620541e+00 3.856476350219016691e+00 5.043803777156316670e+00 6.319172704657601614e+00 7.975911848480816246e+00 1.179749744596774619e+01 1.361934598608245039e+01
0.000000000000000000e+00 0.000000000000000000e+00 9.673846972249243725e-01 2.059106721295334008e+00 2.897813543178915374e+00 3.734485772711291673e+00 4.428085159269074644e+00 5.186641290156990713e+00 1.012054084467399662e+01 1.186994205940006353e+01 1.361934598608245039e+01
0.000000000000000000e+00 0.000000000000000000e+00 6.228830632483219887e-01 1.889919606365089377e+00 2.825719463159198863e+00 3.806945943756168127e+00 4.600529509904984771e+00 5.027942781040502851e+00 9.728527507997714707e+00 1.186994205940006353e+01 1.361934598608245039e+01
0.000000000000000000e+00 0.000000000000000000e+00 2.363432958869236995e-03 1.556274100674462924e+00 2.806434747112809269e+00 3.878875528943055428e+00 4.750130723636636354e+00 5.973607628199077091e+00 1.012054084467399662e+01 1.186994205940006353e+01 1.361934598608245039e+01
0.000000000000000000e+00 0.000000000000000000e+00 5.226017331782495390e-01 1.884417609593743270e+00 2.831883526056892197e+00 3.781523613206583700e+00 4.661775286817358754e+00 5.819387835026439859e+00 4.628084895659330122e+00 8.681744199806198381e+00 1.361934598608245039e+01
0.000000000000000000e+00 0.000000000000000000e+00 8.985256265399960141e-01 2.103063978482486274e+00 2.867129818967138810e+00 3.713188299912604684e+00 4.518465133395670463e+00 5.251773994780189803e+00 9.092927237466739143e+00 1.186994205940006353e+01 1.361934598608245039e+01
0.000000000000000000e+00 0.000000000000000000e+00 9.717866591072008564e-01 2.095349934746377318e+00 2.891683001725263935e+00 3.739982007778644757e+00 4.399281660287123863e+00 5.331840122493198386e+00 1.012054084467399662e+01 1.186994205940006353e+01 1.361934598608245039e+01
0.000000000000000000e+00 0.000000000000000000e+00 4.134819304444453114e-01 1.772618462355069591e+00 2.823085038280404913e+00 3.826650408218201349e+00 4.599004413406778902e+00 5.285084400901545187e+00 1.012054084467399662e+01 1.186994205940006353e+01 1.361934598608245039e+01
0.000000000000000000e+00 0.000000000000000000e+00 5.699147721968057523e-01 1.806788442281688445e+00 2.746682945858131664e+00 3.794174999282168059e+00 4.752087938022068414e+00 5.558116532457583858e+00 1.008475235458343988e+01 1.186994205940006353e+01 1.361934598608245039e+01
0.000000000000000000e+00 0.000000000000000000e+00 9.922734316874005644e-01 2.169729256390413141e+00 2.884075609720382349e+00 3.723188826783917715e+00 4.326788332112207591e+00 5.064232827127373326e+00 1.012054084467399662e+01 1.186994205940006353e+01 1.361934598608245039e+01
0.000000000000000000e+00 0.000000000000000000e+00 1.298642161948758700e+00 2.248652655108831500e+00 2.848205132322782607e+00 3.684335037501413446e+00 4.634456394015264102e+00 5.964307218856822246e+00 8.338842663834180158e+00 1.091436173487086947e+01 1.361934598608245039e+01
0.000000000000000000e+00 0.000000000000000000e+00 3.539104444443365582e-01 1.916001793854741342e+00 2.933789980113481022e+00 3.795173962769789355e+00 4.331126378635279828e+00 5.062784741321689097e+00 1.012054084467399662e+01 1.186994205940006353e+01 1.361934598608245039e+01
0.000000000000000000e+00 0.000000000000000000e+00 6.599101447273372223e-01 1.712659592009808218e+00 2.745612199462126757e+00 3.831417280623034216e+00 4.925650992418210805e+00 6.430750364191395008e+00 1.012054084467399662e+01 1.186994205940006353e+01 1.361934598608245039e+01
0.000000000000000000e+00 0.000000000000000000e+00 5.940488975411239991e-01 1.810175694035711214e+00 2.775350244397907229e+00 3.856372085028073382e+00 4.834733052117631047e+00 6.129895357835040137e+00 1.012054084467399662e+01 1.186994205940006353e+01 1.361934598608245039e+01
0.000000000000000000e+00 0.000000000000000000e+00 2.990288989760003235e-01 1.698617434874738041e+00 2.872041569738506439e+00 3.831954969115517251e+00 4.613858832542372390e+00 5.529146330015161759e+00 1.012054084467399662e+01 1.186994205940006353e+01 1.361934598608245039e+01
0.000000000000000000e+00 0.000000000000000000e+00 5.406735809031159024e-01 2.069422606020085098e+00 2.931116399218884450e+00 3.697099312669093862e+00 4.258505839128575943e+00 4.849937803102708500e+00 1.012054084467399662e+01 1.186994205940006353e+01 1.361934598608245039e+01
0.000000000000000000e+00 0.000000000000000000e+00 7.096786888229089652e-01 2.009229285710140367e+00 2.896718452034340530e+00 3.759755601807069247e+00 4.377071056306080621e+00 5.108542358060849331e+00 1.012054084467399662e+01 1.186994205940006353e+01 1.361934598608245039e+01
0.000000000000000000e+00 0.000000000000000000e+00 2.002810700293409796e-01 1.713769002938723141e+00 2.844092532985314392e+00 3.857383076990440252e+00 4.589637058170733752e+00 5.077328188309373935e+00 1.012054084467399662e+01 1.186994205940006353e+01 1.361934598608245039e+01
0.000000000000000000e+00 0.000000000000000000e+00 9.422599355413868727e-01 1.989106744663740045e+00 2.799344657448302076e+00 3.760459650128463061e+00 4.692272832961739581e+00 6.204616501777042714e+00 1.012054084467399662e+01 1.186994205940006353e+01 1.361934598608245039e+01
0.000000000000000000e+00 0.000000000000000000e+00 1.294431795113927697e+00 2.177230935103135590e+00 2.840451555215934842e+00 3.746873342426220610e+00 4.630779540994991450e+00 5.804823342542705156e+00 1.012054084467399662e+01 1.186994205940006353e+01 1.361934598608245039e+01
0.000000000000000000e+00 0.000000000000000000e+00 -9.769882294342538409e-02 1.554803721272983053e+00 2.774638284929561216e+00 3.919618668434206477e+00 4.870404983291089174e+00 6.098674452333725071e+00 1.012054084467399662e+01 1.186994205940006353e+01 1.361934598608245039e+01
0.000000000000000000e+00 0.000000000000000000e+00 1.275051523993066649e+00 2.131743391456760062e+00 2.871113453074200628e+00 3.699722866955795109e+00 4.560848808416839262e+00 5.160704592443032368e+00 9.539644014030878694e+00 1.186994205940006353e+01 1.361934598608245039e+01
0.000000000000000000e+00 0.000000000000000000e+00 1.344693410254657717e+00 2.201712919489970943e+00 2.758224720654774309e+00 3.705615773434159266e+00 4.974172289308068429e+00 6.876751885952472776e+00 1.012054084467399662e+01 1.186994205940006353e+01 1.361934598608245039e+01
0.000000000000000000e+00 0.000000000000000000e+00 5.006272142400418623e-01 1.683148802172209191e+00 2.681333753095644479e+00 3.811677627264386636e+00 4.912290122144864490e+00 6.138715528603185589e+00 1.011407174432578415e+01 1.186994205940006353e+01 1.361934598608245039e+01
0.000000000000000000e+00 4.419354392116355834e-01 1.726459561775715024e+00 2.174140994130596916e+00 2.940997078500063200e+00 3.697327723830401425e+00 4.359722787541592481e+00 5.178831568639803429e+00 1.012054084467399662e+01 1.186994205940006353e+01 1.361934598608245039e+01
0.000000000000000000e+00 4.235654022141847430e-05 2.085313156049059646e+00 2.298135642845102744e+00 2.877050807649397246e+00 3.672932757125029646e+00 4.411354935171427627e+00 4.676313757634070534e+00 6.131240648846604913e+00 1.119883515587300593e+01 1.361934598608245039e+01
0.000000000000000000e+00 0.000000000000000000e+00 1.732541886568107925e+00 2.161881902931417798e+00 2.871641582933250003e+00 3.713338200763790287e+00 4.536194715812277956e+00 5.693470056484821740e+00 1.012054084467399662e+01 1.186994205940006353e+01 1.361934598608245039e+01
0.000000000000000000e+00 0.000000000000000000e+00 1.002344686463782386e+00 1.920197524079092499e+00 2.803815138876866175e+00 3.783313553610913704e+00 4.781544558066642026e+00 6.054841415382105296e+00 8.249888028781246163e+00 1.186994205940006353e+01 1.361934598608245039e+01
0.000000000000000000e+00 0.000000000000000000e+00 1.248496429427089049e+00 2.315434664634053341e+00 2.893396076845925258e+00 3.659919864856620020e+00 4.341239483068748406e+00 5.401712013357598430e+00 1.012054084467399662e+01 1.186994205940006353e+01 1.361934598608245039e+01
0.000000000000000000e+00 0.000000000000000000e+00 3.453130850659356654e-01 1.873904055097192156e+00 2.886523128349554490e+00 3.784489907387226015e+00 4.439622649074301819e+00 5.474947222552534853e+00 1.012054084467399662e+01 1.186994205940006353e+01 1.361934598608245039e+01
0.000000000000000000e+00 0.000000000000000000e+00 1.133204901224090122e+00 2.162932083354863977e+00 2.931548195592129868e+00 3.711096373569762630e+00 4.390617560167163980e+00 5.295783487931479350e+00 1.012054084467399662e+01 1.186994205940006353e+01 1.361934598608245039e+01
0.000000000000000000e+00 0.000000000000000000e+00 1.031215619724716648e+00 2.131906071835719452e+00 2.902500964083241097e+00 3.687055254145450878e+00 4.476020870945966124e+00 5.641313304939198581e+00 1.012054084467399662e+01 1.186994205940006353e+01 1.361934598608245039e+01
0.000000000000000000e+00 0.000000000000000000e+00 3.884635012902275530e-01 1.848242332541108812e+00 2.908164791186767406e+00 3.808585049205591933e+00 4.393376713558803992e+00 5.008156532268739802e+00 1.012054084467399662e+01 1.186994205940006353e+01 1.361934598608245039e+01
0.000000000000000000e+00 0.000000000000000000e+00 -5.789374153575403692e-02 1.699812767774144806e+00 2.926282767652682359e+00 3.875778885595213552e+00 4.267483169032131762e+00 3.958938723843386409e+00 9.752532569797470074e+00 1.186994205940006353e+01 1.361934598608245039e+01
0.000000000000000000e+00 0.000000000000000000e+00 5.577833745043320191e-01 1.852170837810406701e+00 2.841477530586590028e+00 3.802521304799904911e+00 4.566525475006896428e+00 4.927334839064295480e+00 7.422308236207538101e+00 1.186994205940006353e+01 1.361934598608245039e+01
0.000000000000000000e+00 0.000000000000000000e+00 1.084063278779484385e+00 2.262421057494962362e+00 2.941874323848875150e+00 3.678769405805677462e+00 4.331107118103119547e+00 5.282587118333742282e+00 1.012054084467399662e+01 1.186994205940006353e+01 1.361934598608245039e+01
0.000000000000000000e+00 0.000000000000000000e+00 1.278013881831320919e+00 1.984800575650720766e+00 2.768348997656318033e+00 3.781113059810126131e+00 4.947924877440164515e+00 6.494234924640950091e+00 1.012054084467399662e+01 1.186994205940006353e+01 1.361934598608245039e+01
0.000000000000000000e+00 0.000000000000000000e+00 1.095938871715408602e+00 1.953832140480742163e+00 2.835226409819335824e+00 3.767183648190055134e+00 4.543687242713766672e+00 5.509941949551660834e+00 1.004162939883677907e+01 6.058652578930634469e+00 8.355133161147792364e+00
0.000000000000000000e+00 0.000000000000000000e+00 2.565096899857450818e-01 1.686933259790114104e+00 2.823017230536180922e+00 3.851008089990329175e+00 4.664548502765398119e+00 5.360694705879927469e+00 1.012054084467399662e+01 1.186994205940006353e+01 1.361934598608245039e+01
0.000000000000000000e+00 0.000000000000000000e+00 4.010072619576032227e-01 1.741038221795612406e+00 2.786170486424874415e+00 3.849518137133576712e+00 4.778688375656936493e+00 5.784759711769919655e+00 1.012054084467399662e+01 1.186994205940006353e+01 1.361934598608245039e+01
0.000000000000000000e+00 0.000000000000000000e+00 9.990300299842614917e-01 1.898031248413212468e+00 2.876341427882873614e+00 3.810545019317349347e+00 4.526895368358363037e+00 5.932005857216583244e+00 1.012054084467399662e+01 1.186994205940006353e+01 1.361934598608245039e+01
0.000000000000000000e+00 0.000000000000000000e+00 6.625317601688160973e-01 1.874804250890768964e+00 2.908850640825068279e+00 3.830577377118383531e+00 4.496102173207287223e+00 4.518118629783714368e+00 7.351985471560815277e+00 1.186994205940006353e+01 1.361934598608245039e+01
0.000000000000000000e+00 0.000000000000000000e+00 1.048354936540860094e-01 1.702282030932166679e+00 2.844312184656068609e+00 3.868622907438916680e+00 4.445418748665450615e+00 5.109531165636241212e+00 1.012054084467399662e+01 1.186994205940006353e+01 1.361934598608245039e+01
0.000000000000000000e+00 0.000000000000000000e+00 3.565586868917832719e-01 1.918078196359707555e+00 2.899739417838252731e+00 3.756660797551107045e+00 4.425947015071769464e+00 5.266072130201231438e+00 1.012054084467399662e+01 1.186994205940006353e+01 1.361934598608245039e+01
0.000000000000000000e+00 0.000000000000000000e+00 7.718013424036088699e-01 1.941540023292717576e+00 2.867023384278201359e+00 3.764475845496763284e+00 4.574792972568227256e+00 6.024538533608931878e+00 1.012054084467399662e+01 1.186994205940006353e+01 1.361934598608245039e+01
0.000000000000000000e+00 0.000000000000000000e+00 1.069698561196604780e+00 2.102516619131161502e+00 2.893177985820438725e+00 3.731982477468534842e+00 4.469744763695884693e+00 4.491387157253053708e+00 7.103807201018281781e+00 1.186994205940006353e+01 1.361934598608245039e+01
0.000000000000000000e+00 1.291140647297528143e-01 1.432130734170871111e+00 2.141061093394860393e+00 2.897706070506684828e+00 3.724360679670101870e+00 4.391691277445930019e+00 5.077186016251572731e+00 1.012054084467399662e+01 1.186994205940006353e+01 1.361934598608245039e+01
0.000000000000000000e+00 1.959667474701488058e-05 1.086732533900680808e+00 1.876906420180788126e+00 2.758451452640766632e+00 3.834280736840106840e+00 4.793479714561856397e+00 5.932641994051210510e+00 1.012054084467399662e+01 1.186994205940006353e+01 1.361934598608245039e+01
0.000000000000000000e+00 0.000000000000000000e+00 4.641273975311879241e-01 1.841192715185651307e+00 2.881954425760550276e+00 3.800158441056427527e+00 4.404994239987313875e+00 5.429896474100634585e+00 1.012054084467399662e+01 1.186994205940006353e+01 1.361934598608245039e+01
0.000000000000000000e+00 0.000000000000000000e+00 3.649725723368138323e-03 1.591449115736762510e+00 2.767004071062909354e+00 3.892976757967869794e+00 4.834288452726772434e+00 5.929721904266060051e+00 1.012054084467399662e+01 1.186994205940006353e+01 1.361934598608245039e+01
0.000000000000000000e+00 0.000000000000000000e+00 6.526087592406370347e-03 1.613763290250557869e+00 2.800922264323282729e+00 3.868637281146742879e+00 4.619079903345588711e+00 5.499473256282146671e+00 1.012054084467399662e+01 1.186994205940006353e+01 1.361934598608245039e+01
0.000000000000000000e+00 0.000000000000000000e+00 4.644213656113906352e-01 1.963406010691580716e+00 2.972952694342989144e+00 3.728244351743730256e+00 4.116476254172492411e+00 3.491101442268337518e+00 7.473757990094393122e+00 1.186994205940006353e+01 1.361934598608245039e+01
0.000000000000000000e+00 0.000000000000000000e+00 1.129221612844190981e+00 2.171931915961021087e+00 2.852052595142636982e+00 3.706698018677236917e+00 4.545548861740489777e+00 5.544023393477462314e+00 7.168170102662934084e+00 1.150364938438544726e+01 1.361934598608245039e+01
0.000000000000000000e+00 0.000000000000000000e+00 6.715504355192167818e-01 2.005267651920120464e+00 2.904182017740304378e+00 3.788942687834219836e+00 4.250758337118312191e+00 4.403476438486892519e+00 3.381778288076182637e+00 8.855315072164689383e+00 1.361934598608245039e+01
0.000000000000000000e+00 0.000000000000000000e+00 7.919484611161954346e-01 2.131785123130575332e+00 2.997968163442552125e+00 3.710086085200283268e+00 4.198067534051819649e+00 5.092477695574652685e+00 1.012054084467399662e+01 1.186994205940006353e+01 1.361934598608245039e+01
0.000000000000000000e+00 0.000000000000000000e+00 1.244895769460524493e+00 1.796835687672380333e+00 2.740244534908622409e+00 3.799054341787758915e+00 4.832721987505915529e+00 6.032090448646770575e+00 7.858102067032606719e+00 1.157031027136310897e+01 1.361934598608245039e+01
0.000000000000000000e+00 0.000000000000000000e+00 5.248561493950079093e-01 1.807408338229353095e+00 2.838254872519705430e+00 3.792865468045954813e+00 4.611350351168729489e+00 5.270335371946362812e+00 4.225007533695719353e+00 8.408789409858707486e+00 1.361934598608245039e+01
0.000000000000000000e+00 0.000000000000000000e+00 5.840423549419223592e-01 2.070520131517855855e+00 2.853182881345583066e+00 3.723691345074795489e+00 4.630350806667240526e+00 5.628937895849417394e+00 1.012054084467399662e+01 1.186994205940006353e+01 1.361934598608245039e+01
0.000000000000000000e+00 0.000000000000000000e+00 1.473936960148717557e+00 2.337717343724682095e+00 2.877833272091133043e+00 3.690002129063568059e+00 4.574876089427011294e+00 5.663045778865996027e+00 9.364701825843596339e+00 1.186994205940006353e+01 1.361934598608245039e+01
0.000000000000000000e+00 4.420446705907359747e-02 2.035286958810698543e+00 2.370815620676854252e+00 2.944165588041866677e+00 3.638034245936894173e+00 4.317501351442161628e+00 5.269777590009505630e+00 7.314673596150573331e+00 7.803101458269909863e+00 1.278899562495147535e+01
0.000000000000000000e+00 0.000000000000000000e+00 1.349640198378213862e-01 1.558644758739214486e+00 2.738976703641647248e+00 3.892860248855527061e+00 4.823609164539202077e+00 5.532720413644546475e+00 1.006629501494993306e+01 1.186994205940006353e+01 1.361934598608245039e+01
0.000000000000000000e+00 1.181545005470135837e-03 1.066661228847876286e+00 2.050289496923802357e+00 2.915062830433688745e+00 3.762149927993150733e+00 4.455952031595153962e+00 5.256832679549971132e+00 1.012054084467399662e+01 1.186994205940006353e+01 1.361934598608245039e+01
0.000000000000000000e+00 -3.134206264939410902e-01 -8.939920835817789513e-01 1.627636304156443003e+00 2.929494746773983582e+00 3.863787342339307429e+00 4.223562619018701447e+00 2.357695587370578050e+00 4.865608595426611949e+00 1.186994205940006353e+01 1.361934598608245039e+01
0.000000000000000000e+00 0.000000000000000000e+00 8.336920510279346441e-01 1.853724990252397342e+00 2.770433814132533978e+00 3.800080305533926506e+00 4.802891892468431401e+00 6.145011699649685077e+00 1.012054084467399662e+01 1.186994205940006353e+01 1.361934598608245039e+01
0.000000000000000000e+00 0.000000000000000000e+00 1.153003836419016714e+00 2.160125637608367732e+00 2.906932598138251667e+00 3.703835084707467917e+00 4.435500341248824085e+00 5.460932010275080017e+00 1.012054084467399662e+01 1.186994205940006353e+01 1.361934598608245039e+01
0.000000000000000000e+00 2.549034246687605781e-02 1.454836700582126552e+00 2.157887345638264787e+00 2.875372906120917893e+00 3.760794647249772638e+00 4.616075309000878590e+00 6.495053065211340737e+00 1.012054084467399662e+01 1.186994205940006353e+01 1.361934598608245039e+01
0.000000000000000000e+00 0.000000000000000000e+00 1.792115124624139799e+00 2.166412267340243503e+00 2.774438455095637579e+00 3.722665292339284893e+00 4.904192103216783671e+00 6.606729174191079856e+00 1.012054084467399662e+01 1.186994205940006353e+01 1.361934598608245039e+01
0.000000000000000000e+00 0.000000000000000000e+00 4.228660518640156574e-01 1.853774772732706300e+00 2.816516230359682904e+00 3.805410790946595068e+00 4.634149542340932015e+00 5.766235257574265916e+00 1.012054084467399662e+01 1.186994205940006353e+01 1.361934598608245039e+01
0.000000000000000000e+00 0.000000000000000000e+00 4.542028935893731023e-01 1.911690467679909800e+00 2.856222743658078045e+00 3.776053723822025088e+00 4.455721759711656738e+00 5.362490344325413716e+00 1.012054084467399662e+01 1.186994205940006353e+01 1.361934598608245039e+01
0.000000000000000000e+00 0.000000000000000000e+00 1.291337206317540121e+00 1.930993083167419355e+00 2.804691824985268145e+00 3.780499713692502706e+00 4.689946914703683412e+00 5.385072312653354842e+00 6.181911379664243533e+00 9.643869027408433325e+00 1.361934598608245039e+01
0.000000000000000000e+00 0.000000000000000000e+00 1.217362236708882994e+00 2.302359787330419572e+00 2.970711699110864412e+00 3.658500265267520479e+00 4.334126497769931419e+00 4.652073123038444891e+00 7.992764625273484747e+00 1.186994205940006353e+01 1.361934598608245039e+01
0.000000000000000000e+00 0.000000000000000000e+00 2.749642717931604086e-01 1.777358902069224200e+00 2.708653822665093802e+00 3.771858514641046156e+00 4.929573807846466593e+00 6.389846357020595669e+00 1.012054084467399662e+01 1.186994205940006353e+01 1.361934598608245039e+01
0.000000000000000000e+00 1.047498028734186182e-01 1.553797994043384367e+00 1.878759232188894401e+00 2.812301902631841433e+00 3.800958871201443046e+00 4.750435716619017867e+00 5.024885820273299331e+00 6.139764436735208442e+00 9.510529330965896477e+00 1.361934598608245039e+01
0.000000000000000000e+00 0.000000000000000000e+00 5.783328720295515257e-01 1.953134679217734204e+00 2.878611858381819211e+00 3.802049261053009666e+00 4.325921989782536947e+00 4.573537672075662641e+00 9.372579487474325788e+00 1.186994205940006353e+01 1.361934598608245039e+01
0.000000000000000000e+00 0.000000000000000000e+00 8.500378256814608013e-01 1.951908254736212545e+00 2.810853101554031674e+00 3.779347208583788476e+00 4.718137744060811656e+00 5.875680489993786892e+00 1.012054084467399662e+01 1.186994205940006353e+01 1.361934598608245039e+01
0.000000000000000000e+00 0.000000000000000000e+00 7.070139757171683970e-01 1.908196566124908511e+00 2.832557762291618264e+00 3.789702856494409744e+00 4.733606953766469339e+00 5.382198178545394285e+00 9.410969584218795703e+00 1.186994205940006353e+01 1.361934598608245039e+01
0.000000000000000000e+00 0.000000000000000000e+00 1.751777879926967652e+00 2.313923507913063116e+00 2.868810104674993866e+00 3.645488510086787315e+00 4.530167283804331646e+00 5.756975660164981967e+00 8.454096586974596761e+00 1.186994205940006353e+01 1.361934598608245039e+01
0.000000000000000000e+00 0.000000000000000000e+00 5.712755850448396622e-01 1.836361073384183751e+00 2.805654675848955115e+00 3.842204956121017201e+00 4.871794523955689904e+00 6.516937560492047865e+00 1.012054084467399662e+01 1.186994205940006353e+01 1.361934598608245039e+01
0.000000000000000000e+00 0.000000000000000000e+00 8.512563511954989171e-01 2.064039290784721370e+00 2.797169145589542882e+00 3.727921012987809313e+00 4.759102677592633945e+00 6.167178968000575523e+00 1.011630891868123605e+01 1.186994205940006353e+01 1.361934598608245039e+01
0.000000000000000000e+00 0.000000000000000000e+00 3.191934804256893465e-01 1.862100123979382182e+00 2.825449653168828679e+00 3.810786665473352208e+00 4.623715902481859708e+00 5.593641435645057669e+00 1.011987163551693669e+01 1.186994205940006353e+01 1.361934598608245039e+01
0.000000000000000000e+00 0.000000000000000000e+00 6.241215041550542963e-01 1.809336532498517558e+00 2.770650747129101976e+00 3.816831065998007588e+00 4.721788442038939770e+00 5.742210060092459933e+00 1.012054084467399662e+01 1.186994205940006353e+01 1.361934598608245039e+01
0.000000000000000000e+00 0.000000000000000000e+00 7.483190040757414785e-01 1.972400951338243891e+00 2.824670313547192890e+00 3.772713391522146242e+00 4.605925674492808319e+00 5.156034830498624544e+00 8.681452537223323773e+00 1.186994205940006353e+01 1.361934598608245039e+01
0.000000000000000000e+00 0.000000000000000000e+00 1.072903400760562009e+00 1.947976766119315695e+00 2.762762461359797417e+00 3.770007766964610152e+00 4.896734128671566211e+00 6.434128036370431403e+00 1.012054084467399662e+01 1.186994205940006353e+01 1.361934598608245039e+01
0.000000000000000000e+00 0.000000000000000000e+00 2.104705723011329521e+00 2.217283520935896757e+00 2.781791527902822470e+00 3.709404696685337566e+00 4.865258189597227556e+00 6.529507550187375386e+00 1.012054084467399662e+01 1.186994205940006353e+01 1.361934598608245039e+01
0.000000000000000000e+00 0.000000000000000000e+00 1.243460185901870796e+00 2.206061976903239241e+00 2.903294236888444235e+00 3.691567691917388760e+00 4.518298615074084701e+00 5.791127812899220295e+00 1.012054084467399662e+01 1.186994205940006353e+01 1.361934598608245039e+01
0.000000000000000000e+00 0.000000000000000000e+00 4.366881340823269286e-01 1.871655215786403481e+00 2.904137633630466286e+00 3.794051646011773471e+00 4.320232589137032342e+00 3.630147515966408278e+00 6.229935820649250111e+00 1.186994205940006353e+01 1.361934598608245039e+01
0.000000000000000000e+00 0.000000000000000000e+00 4.044406335233350358e-01 1.815476828295881306e+00 2.868640284747023372e+00 3.812022529634629731e+00 4.558871072396910584e+00 5.245708371664107084e+00 1.012054084467399662e+01 1.186994205940006353e+01 1.361934598608245039e+01
0.000000000000000000e+00 0.000000000000000000e+00 1.710390686227297730e-01 1.686849215911895961e+00 2.819190916469664021e+00 3.833730894033944736e+00 4.583962380128475900e+00 5.440529993577624346e+00 1.012054084467399662e+01 1.186994205940006353e+01 1.361934598608245039e+01
0.000000000000000000e+00 0.000000000000000000e+00 5.950294400447446730e-01 1.968757941749381235e+00 2.872081110568413198e+00 3.762804469307925004e+00 4.447233389564045680e+00 5.000726426600762942e+00 9.786611309325374819e+00 1.186994205940006353e+01 1.361934598608245039e+01
0.000000000000000000e+00 0.000000000000000000e+00 1.607387145239359327e+00 2.357422299778198838e+00 2.915617062981123553e+00 3.642541509454278348e+00 4.414446653281220989e+00 5.228630901605389347e+00 1.008425123455991645e+01 1.186994205940006353e+01 1.361934598608245039e+01
0.000000000000000000e+00 0.000000000000000000e+00 1.315990873366371661e+00 2.105532485034921297e+00 2.849012057935042197e+00 3.693265188868172455e+00 4.558209622740695188e+00 5.755676073448948493e+00 1.012054084467399662e+01 1.186994205940006353e+01 1.361934598608245039e+01
0.000000000000000000e+00 0.000000000000000000e+00 8.996523330926884388e-01 2.031551246083536988e+00 2.814726729437892594e+00 3.727889803902191268e+00 4.663176841654848026e+00 6.043486628228765589e+00 8.218659912967792636e+00 1.027473411115609814e+01 1.361934598608245039e+01
0.000000000000000000e+00 0.000000000000000000e+00 9.160975444708105986e-01 2.037929454436448573e+00 2.856829326841596739e+00 3.770391513203798173e+00 4.444824499200159096e+00 5.407461546375214034e+00 1.012054084467399662e+01 1.186994205940006353e+01 1.361934598608245039e+01
0.000000000000000000e+00 0.000000000000000000e+00 1.543946303279756904e+00 2.148882935239444070e+00 2.805965886430926481e+00 3.691004996692825113e+00 4.625227983768775530e+00 5.874625756125901432e+00 1.012054084467399662e+01 1.186994205940006353e+01 1.361934598608245039e+01
0.000000000000000000e+00 0.000000000000000000e+00 9.717345667121077835e-01 1.802430602385300062e+00 2.835477335610040228e+00 3.835323012219487016e+00 4.547090977527891376e+00 5.502578803550958852e+00 1.012054084467399662e+01 1.186994205940006353e+01 1.361934598608245039e+01
0.000000000000000000e+00 3.043813824594286677e-02 1.564275490887565789e+00 1.919756410082639198e+00 2.810483654761675609e+00 3.777365635285105494e+00 4.734161598800502802e+00 6.056541463868972741e+00 1.012054084467399662e+01 1.186994205940006353e+01 1.361934598608245039e+01
0.000000000000000000e+00 0.000000000000000000e+00 4.802368991675903809e-01 1.833219219477826289e+00 2.822605677386806899e+00 3.815310447953606410e+00 4.618427755896141740e+00 5.383331243728650684e+00 1.012054084467399662e+01 1.186994205940006353e+01 1.361934598608245039e+01
0.000000000000000000e+00 0.000000000000000000e+00 9.853431592441844744e-01 2.052640426513930638e+00 2.892755800189795057e+00 3.745944173851461390e+00 4.519792117584965574e+00 6.051505020811824842e+00 5.392851930232506419e+00 6.621020239225539505e+00 1.352861189720823276e+01
0.000000000000000000e+00 0.000000000000000000e+00 8.514856801638623351e-02 1.647045538938641362e+00 2.866565472864597286e+00 3.877071675079873270e+00 4.548685715810370844e+00 4.204672585499353410e+00 9.238319094764875672e+00 1.186994205940006353e+01 1.361934598608245039e+01
0.000000000000000000e+00 0.000000000000000000e+00 6.999408980035454197e-01 1.914615678473474469e+00 2.820659072954200486e+00 3.761175841757089522e+00 4.601107084352538124e+00 5.224055662498696684e+00 1.012027467170405259e+01 1.186994205940006353e+01 1.361934598608245039e+01
0.000000000000000000e+00 5.635322747429315823e-04 9.596606537983620733e-01 1.945942871091148829e+00 2.882681387041242882e+00 3.790249124585832075e+00 4.496830558590137805e+00 5.936203687803915940e+00 1.012054084467399662e+01 1.186994205940006353e+01 1.361934598608245039e+01
0.000000000000000000e+00 2.246546854523496107e-03 1.552782254876744261e+00 2.210503136504316846e+00 2.922899173236241932e+00 3.663659745866715944e+00 4.404628029069919570e+00 5.356291162125425664e+00 1.012054084467399662e+01 1.186994205940006353e+01 1.361934598608245039e+01
0.000000000000000000e+00 0.000000000000000000e+00 4.041860834105182598e-01 1.832615018432258047e+00 2.854515171678742913e+00 3.820016065805498240e+00 4.582166206946096665e+00 4.668605584997765234e+00 7.149735089442515346e+00 1.186994205940006353e+01 1.361934598608245039e+01
0.000000000000000000e+00 0.000000000000000000e+00 6.760337652596899727e-02 1.735544381988499474e+00 2.876296506558247312e+00 3.841532142612074985e+00 4.411538423962469757e+00 5.064723851611287131e+00 1.012054084467399662e+01 1.186994205940006353e+01 1.361934598608245039e+01
0.000000000000000000e+00 0.000000000000000000e+00 1.870830238355740693e+00 2.245835474252120267e+00 2.918970981217991589e+00 3.706740256408460166e+00 4.360239632639190788e+00 5.538044377170955102e+00 5.411749252627414464e+00 8.117543779588615394e+00 1.361934598608245039e+01
0.000000000000000000e+00 0.000000000000000000e+00 6.042141028630703126e-01 2.039245614728194322e+00 2.864795831126719872e+00 3.735566323406905642e+00 4.601856669354873475e+00 5.365595155803172034e+00 5.849886542642751763e+00 9.326707090080869733e+00 1.361934598608245039e+01
0.000000000000000000e+00 0.000000000000000000e+00 7.906800871748581594e-01 2.195392677269469850e+00 2.916455697087163124e+00 3.685387678520954058e+00 4.382863011233216533e+00 4.792496096621621682e+00 7.507808496185861991e+00 1.186994205940006353e+01 1.361934598608245039e+01
0.000000000000000000e+00 0.000000000000000000e+00 9.934235982032827428e-01 1.864159195223957788e+00 2.801386370525973835e+00 3.787742403293831384e+00 4.730874515009012349e+00 5.969639921054051612e+00 1.012054084467399662e+01 1.186994205940006353e+01 1.361934598608245039e+01
0.000000000000000000e+00 3.174225608508130956e-04 1.597099625496840813e+00 2.223448058137984074e+00 2.898160635405732322e+00 3.698146740997587223e+00 4.449609756521523352e+00 5.538034270578761742e+00 5.583203637960409971e+00 9.173761147956581041e+00 1.361934598608245039e+01
0.000000000000000000e+00 0.000000000000000000e+00 9.791651828377286870e-01 2.079880591435970150e+00 2.866858810961133930e+00 3.700738448994691066e+00 4.604544881644405230e+00 5.675614257249192107e+00 1.012054084467399662e+01 1.186994205940006353e+01 1.361934598608245039e+01
0.000000000000000000e+00 0.000000000000000000e+00 9.106373952723108012e-01 2.021807976393849682e+00 2.880258844243068328e+00 3.787276744300746234e+00 4.479769648785105751e+00 4.666089690956686908e+00 7.501497447147162490e+00 1.186994205940006353e+01 1.361934598608245039e+01
0.000000000000000000e+00 0.000000000000000000e+00 3.075272570608117428e-01 1.807383657153785794e+00 2.891180386911987643e+00 3.832318390701588751e+00 4.419522340481137235e+00 4.838787489070359271e+00 3.384945676745907850e+00 8.002605091789323666e+00 1.361934598608245039e+01
0.000000000000000000e+00 0.000000000000000000e+00 1.851039391031047865e+00 2.273812035301849832e+00 2.883677079156290457e+00 3.674017244259259130e+00 4.565458730161414458e+00 5.814757760133101527e+00 1.012054084467399662e+01 1.186994205940006353e+01 1.361934598608245039e+01
0.000000000000000000e+00 0.000000000000000000e+00 1.139580624698639744e+00 1.914874929954476501e+00 2.859628267785687683e+00 3.774592100767136138e+00 4.613122287774604757e+00 5.843180141903768110e+00 1.012054084467399662e+01 1.186994205940006353e+01 1.361934598608245039e+01
0.000000000000000000e+00 0.000000000000000000e+00 6.915530199134135581e-01 1.909104122059469333e+00 2.888418697304151461e+00 3.795701899940684410e+00 4.441475551905149644e+00 4.654089766973920739e+00 8.215236017686581960e+00 1.186994205940006353e+01 1.361934598608245039e+01
0.000000000000000000e+00 0.000000000000000000e+00 9.648861067189165031e-01 2.011562527184788340e+00 2.924788916927136384e+00 3.769693873151511720e+00 4.265257710635483868e+00 4.368021458198059648e+00 4.392980897683353980e+00 1.093681655905667149e+01 1.361934598608245039e+01
0.000000000000000000e+00 3.879616110950147301e-02 1.054132645795408774e+00 1.791323629360968672e+00 2.816220993355909030e+00 3.794703919495398203e+00 4.670169101778843590e+00 5.511371470845040754e+00 5.057779563082047680e+00 9.068944900018298227e+00 1.361934598608245039e+01
0.000000000000000000e+00 0.000000000000000000e+00 8.805314101997668841e-01 2.105895173658595354e+00 2.876498100451441164e+00 3.743778074328733663e+00 4.542004514936295756e+00 4.305194513130637723e+00 6.012287826902984911e+00 1.186994205940006353e+01 1.361934598608245039e+01
0.000000000000000000e+00 0.000000000000000000e+00 1.437266282024707520e+00 2.213953825199700631e+00 2.925142000145302568e+00 3.677322622495185378e+00 4.439518238167087461e+00 5.216077199811294918e+00 8.329341264060115435e+00 1.186994205940006353e+01 1.361934598608245039e+01
0.000000000000000000e+00 0.000000000000000000e+00 1.453174447002400838e+00 2.120381918872054072e+00 2.747139921000747442e+00 3.743219739389023637e+00 4.826688435962399382e+00 6.202439145647927532e+00 9.938412619880267584e+00 1.186994205940006353e+01 1.361934598608245039e+01
0.000000000000000000e+00 0.000000000000000000e+00 1.064128987674430649e+00 2.116294423593266583e+00 2.885956805299377592e+00 3.704535742831562395e+00 4.474410730020219162e+00 5.185929199680248125e+00 7.238349415109265550e+00 1.186994205940006353e+01 1.361934598608245039e+01
0.000000000000000000e+00 0.000000000000000000e+00 1.383226159315327664e+00 2.233677789988170570e+00 2.708147735970452885e+00 3.687357838835644497e+00 5.105165594213422864e+00 7.253574577596292983e+00 1.012054084467399662e+01 1.186994205940006353e+01 1.361934598608245039e+01
0.000000000000000000e+00 1.463543984514638630e-01 2.688897777769490460e+00 2.402838867266424039e+00 2.859682910224910835e+00 3.638161947361701731e+00 4.491178802749387522e+00 5.686553100513886960e+00 7.972959613261844325e+00 1.186994205940006353e+01 1.361934598608245039e+01
0.000000000000000000e+00 0.000000000000000000e+00 1.781103794225473713e+00 2.193933840916562517e+00 2.870739602459869477e+00 3.703704418338480409e+00 4.653733504792294084e+00 5.938801082829843203e+00 1.012054084467399662e+01 1.186994205940006353e+01 1.361934598608245039e+01
0.000000000000000000e+00 2.337843060025283567e-02 2.009119812504101432e+00 2.022519886126731503e+00 2.738589622982388061e+00 3.785659482932957509e+00 4.981447788470402038e+00 6.628110107785563976e+00 1.012054084467399662e+01 1.186994205940006353e+01 1.361934598608245039e+01
0.000000000000000000e+00 0.000000000000000000e+00 1.318575009316324653e+00 2.426470143495829568e+00 2.922764499068343014e+00 3.637128762900474044e+00 4.491765580659076385e+00 5.542221869639199383e+00 1.010054029301881862e+01 1.186994205940006353e+01 1.361934598608245039e+01
0.000000000000000000e+00 0.000000000000000000e+00 6.372521243921612788e-01 1.998982447462264833e+00 2.949403894478152655e+00 3.755769312751552569e+00 4.230533723476997743e+00 4.549585460896095057e+00 1.012054084467399662e+01 1.186994205940006353e+01 1.361934598608245039e+01
0.000000000000000000e+00 0.000000000000000000e+00 8.538575996406571056e-01 2.033213778089163259e+00 2.869327116603431982e+00 3.740180332291692888e+00 4.521008751172218787e+00 5.114112658598378047e+00 9.719921414745810395e+00 1.186994205940006353e+01 1.361934598608245039e+01
0.000000000000000000e+00 0.000000000000000000e+00 3.173710745428350299e-01 1.818284455921780340e+00 2.834459369462626555e+00 3.815756857938854107e+00 4.584719776653502166e+00 5.684684751470562070e+00 1.012054084467399662e+01 1.186994205940006353e+01 1.361934598608245039e+01
0.000000000000000000e+00 0.000000000000000000e+00 5.499689700166141559e-01 1.925941985146283120e+00 2.939384111090772578e+00 3.820361695416818471e+00 4.357291496304222633e+00 4.486409938787952356e+00 1.008837306018864233e+01 1.186994205940006353e+01 1.361934598608245039e+01
0.000000000000000000e+00 0.000000000000000000e+00 1.258891387734274447e+00 2.072839108431118404e+00 2.768718224400686267e+00 3.718963005843225922e+00 4.721871472478810894e+00 5.972166116324177487e+00 1.012054084467399662e+01 1.186994205940006353e+01 1.361934598608245039e+01
