1.824821412195579695e+00 3.814531131182903323e+00 3.090124371313378582e+00 4.313852820793821152e+00 3.653412541294102311e+00 1.309261333239634340e+00 1.248428741256748742e+00 1.321620760170665043e-01 9.702927510929195698e-01 3.722661790828269535e+00 4.170583577424688215e+00 -8.199931814023839749e+00
1.824821412195579695e+00 3.878258150460482945e+00 3.142904689251303729e+00 4.362450772824053580e+00 3.715881807401415049e+00 1.403618190217540862e+00 1.368880123307838481e+00 2.689691162930776258e-01 1.104879435932499376e+00 3.826784130235191039e+00 4.235173231124108817e+00 -6.869602914912404934e+00
1.824821412195579695e+00 3.883531856511696745e+00 3.148148826908565123e+00 4.369180898829559290e+00 3.719659449867291467e+00 1.403601651385779636e+00 1.362229502875662357e+00 2.566567883819894091e-01 1.090897350086424522e+00 3.787991609683587502e+00 4.184092510922284625e+00 -5.990252542484659770e+00
1.824821412195579695e+00 3.893395868779949698e+00 3.167265928117633855e+00 4.391868099693125416e+00 3.734324991175121067e+00 1.398665518160727039e+00 1.346197154464680024e+00 2.385238256576107385e-01 1.084939851996464144e+00 3.803379078877179520e+00 4.206038937662700761e+00 -7.191976320961301461e+00
1.824821412195579695e+00 3.876565813432919505e+00 3.148681006887566802e+00 4.372497667724563719e+00 3.711923650667963592e+00 1.370602236550192643e+00 1.314116431412795327e+00 2.007194485245867299e-01 1.049699100192195811e+00 3.801183831376059974e+00 4.227088169417847929e+00 -7.487737640564374075e+00
1.824821412195579695e+00 3.870981733620149079e+00 3.142407841717556938e+00 4.363058201674984815e+00 3.705064833052789552e+00 1.371772516663541275e+00 1.318883662046517635e+00 2.074210156513584535e-01 1.047056127352756993e+00 3.767792533556177048e+00 4.164155120552078593e+00 -6.768675444527718632e+00
1.824821412195579695e+00 3.916859779590592616e+00 3.177047617857420736e+00 4.397635377473711138e+00 3.755494921516377094e+00 1.452565690130869003e+00 1.424010689100291049e+00 3.280687067038015603e-01 1.159871844064230384e+00 3.867621274568455281e+00 4.271861357144715932e+00 -6.508696293149955459e+00
1.425772163983346719e+00 3.831260927622711421e+00 3.108803073546082096e+00 4.331976635763910011e+00 3.671996813556443584e+00 1.329580515816751962e+00 1.274762428889192112e+00 1.631217845604696626e-01 9.843739332988494795e-01 3.784705513696623225e+00 4.182077889622343392e+00 -7.400541899756704289e+00
1.824821412195579695e+00 3.869104113065826578e+00 3.144539841068339392e+00 4.369036424564830767e+00 3.708587739028331498e+00 1.364374869995399031e+00 1.303059822625239228e+00 1.894713661184641018e-01 1.033233302863307390e+00 3.784943477511208521e+00 4.228863026279147341e+00 -6.926188296281342360e+00
1.824821412195579695e+00 3.864057368707451978e+00 3.138004199049000853e+00 4.364672219742668169e+00 3.699499329715562723e+00 1.346611222413897746e+00 1.279246483517006538e+00 1.583613336807834504e-01 9.982601016688785744e-01 3.688582027575384448e+00 4.676374136117582125e+00 -6.151287023189913938e+00
1.824821412195579695e+00 3.881980027176129333e+00 3.143444387867550205e+00 4.361669471674903598e+00 3.719776207157807768e+00 1.417978548757675039e+00 1.388186637708998639e+00 2.905990960110093613e-01 1.115255960460481699e+00 3.797561500428335179e+00 4.276009132528199252e+00 -7.258311024768839381e+00
1.824821412195579695e+00 3.868271278715807782e+00 3.131785059443076502e+00 4.351450431155356569e+00 3.702858591799953913e+00 1.388836454930554298e+00 1.353964080037994844e+00 2.550631258806174140e-01 1.078625543392992325e+00 3.799556916129114281e+00 4.174331821464137171e+00 -6.225135943160279517e+00
1.824821412195579695e+00 3.869837174400293289e+00 3.138572722542904980e+00 4.361283551796693025e+00 3.703550023204967179e+00 1.366123656347705939e+00 1.310424125729797273e+00 1.987580967560604595e-01 1.038132901514486672e+00 3.758143790118520844e+00 4.167870536189740349e+00 -7.813906417817491068e+00
1.824821412195579695e+00 3.913271739280431039e+00 3.174271726075666322e+00 4.393920756568531871e+00 3.753107060283198404e+00 1.454344300622745223e+00 1.428351940741218407e+00 3.357434686582685401e-01 1.158413116879498661e+00 3.873586380246543559e+00 4.263885462801651371e+00 -7.157314993202667175e+00
1.824821412195579695e+00 3.877982690899142160e+00 3.148714151859543176e+00 4.371615907212020424e+00 3.716376109518406246e+00 1.384946173028779315e+00 1.336651232432420677e+00 2.289372358165853438e-01 1.060375731694747525e+00 3.777111832113362766e+00 4.261976313132321614e+00 -8.023416433003857762e+00
1.824821412195579695e+00 3.865701417827931419e+00 3.136630417615348776e+00 4.359794928325694485e+00 3.708633610906411970e+00 1.383737188777342419e+00 1.339634591246317230e+00 2.345304398438418370e-01 1.079108119712387071e+00 3.797516911704623688e+00 4.225181533124726663e+00 -6.551387444143110805e+00
1.824821412195579695e+00 3.860294739335188297e+00 3.138066411861323068e+00 4.366097629695674165e+00 3.696271912468287901e+00 1.333290543419177521e+00 1.257337553307684930e+00 1.312011112072718200e-01 9.901487497003044203e-01 3.737272144586893052e+00 4.143938670700485716e+00 -7.016103453578450555e+00
1.824821412195579695e+00 3.869485469012224232e+00 3.134756848249092176e+00 4.356542486726762142e+00 3.700783301782506030e+00 1.369796727235891520e+00 1.317445698684577504e+00 2.080652380066110585e-01 1.045115597798741414e+00 3.755183351350448451e+00 4.154190550740993082e+00 -7.173075856082910207e+00
1.824821412195579695e+00 3.815874595025797955e+00 3.096434401106379575e+00 4.319151726801756297e+00 3.655892110841016063e+00 1.305497423688390279e+00 1.243218232990683347e+00 1.307138266399057169e-01 9.731986980790759967e-01 3.718788368357042184e+00 4.175232103681104867e+00 -7.678003790623040281e+00
1.824821412195579695e+00 3.848029875932955868e+00 3.126408821533044335e+00 4.351135255042120065e+00 3.680527074747073968e+00 1.315085023826753075e+00 1.239582094745729446e+00 1.147035601094994889e-01 9.743735397141887189e-01 3.717286810622985715e+00 4.125514674674179538e+00 -6.456550999494111487e+00
1.824821412195579695e+00 3.833035182633584892e+00 3.105010071105735125e+00 4.327622253158756926e+00 3.670266132161426942e+00 1.332918826471429563e+00 1.281935272777943391e+00 1.746282558980408184e-01 1.001884466557697584e+00 3.682385999327665971e+00 4.676374136117582125e+00 -8.018925460039088904e+00
1.824821412195579695e+00 3.895802349469026815e+00 3.168727929364555607e+00 4.393953273163413442e+00 3.735282225828134628e+00 1.395140316728402663e+00 1.341270909772332320e+00 2.317101450978677202e-01 1.076494002276381368e+00 3.778289457151434494e+00 4.278106178714344843e+00 -7.744639830149297133e+00
1.824821412195579695e+00 3.872869045879554939e+00 3.140135593151527349e+00 4.364065318029882512e+00 3.712799555990679234e+00 1.386937440813861944e+00 1.342564555844399488e+00 2.375857033512100425e-01 1.079269108751629069e+00 3.803220544835803185e+00 4.228709572446540221e+00 -7.937933684673619261e+00
1.824821412195579695e+00 3.870551355894694012e+00 3.142591679742994248e+00 4.365669638438346212e+00 3.712045399665581780e+00 1.382981437103936395e+00 1.335567897400414150e+00 2.278000809613295041e-01 1.054881256359151420e+00 3.804325096731436151e+00 4.178477185938430871e+00 -8.130552966458177266e+00
1.824821412195579695e+00 3.912482655153971312e+00 3.184628333647856024e+00 4.409314315771981185e+00 3.758410541251662185e+00 1.435406151709017752e+00 1.392293301106765302e+00 2.895504466357042284e-01 1.126518427830469626e+00 3.843193829088048297e+00 4.244286137333371123e+00 -6.643119858893208551e+00
1.824821412195579695e+00 3.837030871056131609e+00 3.108446873407295197e+00 4.328754702670896570e+00 3.677156949746659187e+00 1.352958691508839850e+00 1.309914054154785790e+00 2.083279325067372290e-01 1.045322135661443053e+00 3.759885854643032932e+00 4.195014212577489410e+00 -7.407029416430597202e+00
1.824821412195579695e+00 3.846817443753135279e+00 3.118603944116914217e+00 4.342413444616879836e+00 3.683922563202933986e+00 1.345258944296733317e+00 1.289369379199798660e+00 1.805223483290813724e-01 1.026239232831575476e+00 3.748373256232491624e+00 4.150199833141444472e+00 -7.118699891131607949e+00
1.824821412195579695e+00 3.833606490554221313e+00 3.105988365172099197e+00 4.331244799503879861e+00 3.665941245285597727e+00 1.312128354942660113e+00 1.247320601681472407e+00 1.296272269096065410e-01 9.862255652223049784e-01 3.711709759109557805e+00 4.115641489483407689e+00 -7.414786306412918471e+00
1.824821412195579695e+00 3.819326830236873249e+00 3.098988102571706094e+00 4.325029562656618864e+00 3.650829669482374307e+00 1.278875758158612319e+00 1.198273547144562245e+00 7.044735523444317637e-02 9.022034805126510904e-01 3.747684271182024851e+00 4.169012757170113659e+00 -7.530590277048648140e+00
1.824821412195579695e+00 3.863886340424599553e+00 3.140424960254120990e+00 4.366516395158789088e+00 3.700759132827869724e+00 1.350683706572889609e+00 1.282450363253258452e+00 1.632240077972990921e-01 1.006840529541827234e+00 3.769156913637096817e+00 4.219192184208501395e+00 -7.771897880567403050e+00
1.824821412195579695e+00 3.896370952738278159e+00 3.168130329439365234e+00 4.390196301206347407e+00 3.735177511052164334e+00 1.406071485153230105e+00 1.357901197455960940e+00 2.524751888489087936e-01 1.093515038995555466e+00 3.806605554217820764e+00 4.201602666890488891e+00 -8.392222953682006548e+00
1.824821412195579695e+00 3.836922120626127697e+00 3.109231181657796217e+00 4.332440638373000752e+00 3.671881281831952393e+00 1.328589778122891696e+00 1.273271400911343720e+00 1.604232513957103701e-01 9.809600276875365399e-01 3.789151311347863871e+00 4.183177276657934485e+00 -7.498489752742913517e+00
1.824821412195579695e+00 3.871897088821516508e+00 3.142032915104780333e+00 4.365710232174134120e+00 3.707411341811082561e+00 1.370246031587417646e+00 1.317062173142185655e+00 2.049477131837709742e-01 1.035599350653697792e+00 3.809269985547519166e+00 4.219026381095486222e+00 -4.851958991143280109e+00
1.824821412195579695e+00 3.833273688168503224e+00 3.115770297005767020e+00 4.341771351101347598e+00 3.664511809177720014e+00 1.282083686262444955e+00 1.194280676738251445e+00 6.547124383417442239e-02 9.134790569758157730e-01 3.652410834554832064e+00 4.190745598083332801e+00 -7.007467421612171954e+00
1.824821412195579695e+00 3.873008313898644861e+00 3.138688340173272806e+00 4.360542532653129300e+00 3.710165229772191431e+00 1.389189644397616163e+00 1.345721729051716054e+00 2.378493436690480300e-01 1.070845117491390441e+00 3.808125524518348737e+00 4.218933577670010315e+00 -7.677136199161534336e+00
1.824821412195579695e+00 3.868565364435613052e+00 3.138877602025449409e+00 4.365504982556416280e+00 3.701092709190903829e+00 1.352919161805511417e+00 1.288950302045494656e+00 1.729984634499340534e-01 1.007976897256207094e+00 3.750554190536240284e+00 4.203055640032745011e+00 -6.385528722776679267e+00
1.824821412195579695e+00 3.831514094793671887e+00 3.101985806320459282e+00 4.322556520455630213e+00 3.661508937186740198e+00 1.319418712650061831e+00 1.261902099138116240e+00 1.473789354830557785e-01 9.657051228442179447e-01 3.654714421723918250e+00 4.676374136117582125e+00 -8.068394599355467989e+00
1.824821412195579695e+00 3.826883085504699356e+00 3.106455795705537870e+00 4.329099322850962217e+00 3.662959714176390769e+00 1.308493113016745202e+00 1.236085823428637376e+00 1.160139383721391082e-01 9.610212393837633815e-01 3.687588106494884332e+00 4.114804833056121325e+00 -8.460320326843040917e+00
1.824821412195579695e+00 3.890975068488425670e+00 3.159181082949225061e+00 4.379837605882007878e+00 3.736603712087453566e+00 1.428944664729032255e+00 1.396214048156700027e+00 2.993301182782839853e-01 1.134804920277419527e+00 3.854805809314679088e+00 4.265635817170213784e+00 -7.175695125853397194e+00
1.824821412195579695e+00 3.831751846642539761e+00 3.111006202231942908e+00 4.336164025242162268e+00 3.670087438478012665e+00 1.311690186536824898e+00 1.242741529685355006e+00 1.230080008628774979e-01 9.669271790313774817e-01 3.719521821643490878e+00 4.113907516611942761e+00 -6.419923113383302571e+00
1.824821412195579695e+00 3.844877539827467050e+00 3.122046645610298654e+00 4.345450895915630163e+00 3.679361341312078260e+00 1.320637829167316424e+00 1.249855819475082619e+00 1.283028457403060929e-01 9.786197308300510489e-01 3.762330412974004279e+00 4.189595430007437393e+00 -6.479155592515636997e+00
1.824821412195579695e+00 3.882689486626639930e+00 3.148036213779830561e+00 4.370614562611876863e+00 3.725692044367075795e+00 1.415245974289599307e+00 1.383804247597161696e+00 2.887485959530262658e-01 1.114605874838191291e+00 3.849412629411755216e+00 4.251683452994513779e+00 -6.659866564875778217e+00
1.824821412195579695e+00 3.856113297048541444e+00 3.125947063157401118e+00 4.350433773495075762e+00 3.691101793014782473e+00 1.351917979816142479e+00 1.298282301850046450e+00 1.877311993152018799e-01 1.028633108376687977e+00 3.781986809555994089e+00 4.205514869861917582e+00 -6.990151465471281966e+00
1.824821412195579695e+00 3.872106224906980199e+00 3.142653072302299844e+00 4.366897927000217727e+00 3.707650597934442072e+00 1.365031763691394451e+00 1.309534774633694276e+00 2.000149474904417413e-01 1.047630460239206585e+00 3.781067295915242710e+00 4.231534147163124260e+00 -7.670450777605517523e+00
1.824821412195579695e+00 3.853294305179822299e+00 3.127166909238221049e+00 4.350397350909594785e+00 3.695983937496132743e+00 1.365350617445883374e+00 1.319453670218787789e+00 2.138256613794823069e-01 1.051684038141484034e+00 3.811794428179947403e+00 4.214135734129086153e+00 -6.345572839872377635e+00
1.824821412195579695e+00 3.864154701635820643e+00 3.139857779333782073e+00 4.364856204699137265e+00 3.701878433341168506e+00 1.353073993313699930e+00 1.288886913611424268e+00 1.706021809133072276e-01 1.014417205720773651e+00 3.762748914057309602e+00 4.222003877216995882e+00 -6.909683751987825140e+00
1.824821412195579695e+00 3.859334403758378329e+00 3.134438272302595863e+00 4.360712694788986710e+00 3.699064255196867101e+00 1.352223894459370523e+00 1.292012035641789902e+00 1.782409845108997026e-01 1.015941914770074783e+00 3.722234253681525384e+00 4.240369613525734493e+00 -6.439402574438590321e+00
1.824821412195579695e+00 3.864941404909117750e+00 3.139901953942281665e+00 4.363313486126335405e+00 3.702413060681692070e+00 1.361923254332952915e+00 1.304792771911611471e+00 1.925812064685284708e-01 1.024289910002814885e+00 3.780805954667386004e+00 4.166997796151432176e+00 -7.221819810076301138e+00
1.824821412195579695e+00 3.855450899294643019e+00 3.130293372242821448e+00 4.352362445018091996e+00 3.693287728776006418e+00 1.354250501189450562e+00 1.299114521065238170e+00 1.874448101173089298e-01 1.014990078723981615e+00 3.736002342065881443e+00 4.237541741840089138e+00 -7.944432705223686497e+00
1.824821412195579695e+00 3.857159369770834179e+00 3.134027169884188613e+00 4.361676179450795665e+00 3.694088118698976686e+00 1.335229549302301200e+00 1.264928775374424719e+00 1.421717573878137075e-01 9.650719889734338253e-01 3.799563891688739758e+00 4.207198510371725320e+00 -7.421743649480143645e+00
1.824821412195579695e+00 3.838658762539047142e+00 3.116680973153821643e+00 4.343585508926251393e+00 3.672818720969180273e+00 1.306751003320898441e+00 1.230301777824072795e+00 1.050097286882980124e-01 9.437840125104665079e-01 3.675401313633373857e+00 4.204219134574056049e+00 -7.462869229082000011e+00
1.824821412195579695e+00 3.826582818451298440e+00 3.101898032002150973e+00 4.326166258135026865e+00 3.665173587570302427e+00 1.319380711413416618e+00 1.257048132093620652e+00 1.420514862058537275e-01 9.758987300738654058e-01 3.731397264919543044e+00 4.187371459080158509e+00 -5.130018676330725391e+00
1.824821412195579695e+00 3.809402255876282339e+00 3.085140943483706266e+00 4.308456893385399944e+00 3.641566703704536057e+00 1.278772115392371456e+00 1.203325338970614444e+00 7.968423322073588111e-02 9.343872120894824995e-01 3.660712749444674508e+00 4.073734726138019013e+00 -6.788681755050987476e+00
1.824821412195579695e+00 3.885739043258613190e+00 3.147818242630308294e+00 4.364087866671139793e+00 3.717825899263039080e+00 1.411942958073566290e+00 1.378746491328650237e+00 2.778729839330106310e-01 1.100530660232662772e+00 3.770065690970750616e+00 4.676374136117582125e+00 -7.287968994984363569e+00
1.824821412195579695e+00 3.838572443092483688e+00 3.109501638022564851e+00 4.334596948874653854e+00 3.671993028366476786e+00 1.322679833671495109e+00 1.260938893412004935e+00 1.454052635515626357e-01 9.843628324603868052e-01 3.716182631756050458e+00 4.120643427786402135e+00 -6.565562950774902262e+00
1.824821412195579695e+00 3.825588770880955281e+00 3.107575423718614172e+00 4.334699771942638336e+00 3.667740391883491213e+00 1.302734947895884510e+00 1.229118075678185429e+00 1.073828685047417131e-01 9.637931814211335713e-01 3.704062007106160959e+00 4.118294760757876816e+00 -7.618063989221599108e+00
1.824821412195579695e+00 3.792018323105774247e+00 3.082175498681151371e+00 4.309714111694246341e+00 3.634225970059000943e+00 1.255874478885907308e+00 1.170822949166759219e+00 4.419045182375030967e-02 8.933769580277727274e-01 3.630093103742851657e+00 4.167722772028983336e+00 -7.749132003984092520e+00
1.824821412195579695e+00 3.837291107756765740e+00 3.108976284593695905e+00 4.331418577113042900e+00 3.674074817651360458e+00 1.335814895561540538e+00 1.278912655467328685e+00 1.676556988351498578e-01 1.004579908382877251e+00 3.726480462034223340e+00 4.134819274563446001e+00 -5.565346465436015855e+00
1.824821412195579695e+00 3.842019243142813067e+00 3.113973083535402697e+00 4.336362440851381450e+00 3.677105011314568461e+00 1.335975002577787674e+00 1.278121776877686466e+00 1.633466541319442966e-01 1.004014127146442892e+00 3.744277546775148569e+00 4.192815531141025787e+00 -7.806459284211593186e+00
1.824821412195579695e+00 3.862343134918515108e+00 3.139188291747767590e+00 4.361782717449873559e+00 3.695040111471201705e+00 1.339807382897614918e+00 1.269573921670688499e+00 1.471470045626202261e-01 9.932075118481478171e-01 3.773883257243255684e+00 4.209067885453693592e+00 -7.148525706433606075e+00
1.824821412195579695e+00 3.869057754306426844e+00 3.127492034631425000e+00 4.343214655748758091e+00 3.703732601390844259e+00 1.410391326332933737e+00 1.387973504704286931e+00 2.939793296173957571e-01 1.113613219294929291e+00 3.815354062526739032e+00 4.180695486365674007e+00 -7.727778665007233982e+00
1.824821412195579695e+00 3.886391557316518419e+00 3.150178005283971405e+00 4.369693012141165234e+00 3.729470937465367619e+00 1.429431623894746872e+00 1.403158733795750068e+00 3.088437847793371605e-01 1.138737592382137231e+00 3.854530149164418162e+00 4.258004756801132551e+00 -7.308041330901375865e+00
1.824821412195579695e+00 3.846758234384691555e+00 3.124548267735866247e+00 4.348209229801206277e+00 3.683727067369348518e+00 1.329823735445671007e+00 1.264286352179370576e+00 1.465952282513113270e-01 9.964266628673752457e-01 3.729184908564810108e+00 4.138656960721063705e+00 -7.158468489269665724e+00
1.824821412195579695e+00 3.833880081987207422e+00 3.117443406032307962e+00 4.343636641430260070e+00 3.668796971562361620e+00 1.298498277945631107e+00 1.215912513268480710e+00 9.006443124805570133e-02 9.362042760066564551e-01 3.658544227493067513e+00 4.200978382592620797e+00 -6.155859799821085332e+00
1.824821412195579695e+00 3.837694219247008487e+00 3.115195501805327449e+00 4.339825637850227125e+00 3.676441560256190844e+00 1.324624285108402910e+00 1.262777603641812130e+00 1.477111714737530390e-01 1.001102411092204658e+00 3.726758248022550291e+00 4.133224421815519634e+00 -7.759065060084782139e+00
1.824821412195579695e+00 3.888083225631331352e+00 3.156000632099139835e+00 4.375904194581777595e+00 3.717027395991880034e+00 1.385447559280392538e+00 1.332159448499810495e+00 2.210139582656616419e-01 1.045212819924760117e+00 3.720657037335944661e+00 4.676374136117582125e+00 -7.601286058152218139e+00
1.824821412195579695e+00 3.882491666597867930e+00 3.160997345601207709e+00 4.391980011509938109e+00 3.723878167207297807e+00 1.368345293331546531e+00 1.299984254656988636e+00 1.815032557713523176e-01 1.028883181814291614e+00 3.808438446127329957e+00 4.264181130354953275e+00 -6.493705688305557722e+00
1.824821412195579695e+00 3.816032262519712059e+00 3.094180387145655686e+00 4.322495759354524125e+00 3.649880894869419468e+00 1.275025152431459530e+00 1.191362813581549940e+00 6.039560959005926821e-02 9.126574951745729525e-01 3.705019373588614329e+00 4.168613278219495122e+00 -6.230473767722135570e+00
1.174900110358791272e+00 3.840957251586133214e+00 3.116187461736638742e+00 4.341568115242428583e+00 3.676591691611604595e+00 1.321129470275144602e+00 1.256065008743074030e+00 1.388059971190330755e-01 9.836475571596052792e-01 3.664302321871007795e+00 4.676374136117582125e+00 -6.655433817699389465e+00
1.824821412195579695e+00 3.844426067839364691e+00 3.116583951366755478e+00 4.336970364620367668e+00 3.686026468163834391e+00 1.361969409539369513e+00 1.318621518137050863e+00 2.143869906222119204e-01 1.057540505646539675e+00 3.756789879953710720e+00 4.154064951807880490e+00 -5.594125530946880254e+00
1.824821412195579695e+00 3.899706543861068297e+00 3.161644565922859584e+00 4.379382989060220055e+00 3.731121282607028355e+00 1.418733926633745313e+00 1.380024491099261619e+00 2.741736461877203879e-01 1.101358471572233100e+00 3.773093198953786587e+00 4.676374136117582125e+00 -7.421515618629418221e+00
1.824821412195579695e+00 3.842702981974109644e+00 3.117091691404491716e+00 4.339214919568907369e+00 3.674841985720739057e+00 1.324985492201607107e+00 1.261602212573332604e+00 1.428276358349347963e-01 9.966984727140698608e-01 3.716180403892673567e+00 4.117482502605989581e+00 -6.148043471172091934e+00
1.824821412195579695e+00 3.828420228777204670e+00 3.113441817326647598e+00 4.340584186595799920e+00 3.667675877868437517e+00 1.297767257306843947e+00 1.217280303496995675e+00 9.343175667766127901e-02 9.480640579226267128e-01 3.736856495586013516e+00 4.190739416336527690e+00 -6.040958325900964709e+00
1.824821412195579695e+00 3.840613765572672200e+00 3.115661016273262085e+00 4.341516793007059505e+00 3.679240344751750769e+00 1.329388301986461629e+00 1.267709819991594822e+00 1.537592729577791639e-01 9.943122983592183051e-01 3.753164705916672172e+00 4.195261489766433982e+00 -7.672351308615630749e+00
1.824821412195579695e+00 3.852781424930150855e+00 3.127749664184903189e+00 4.351503959787367926e+00 3.689787724035513250e+00 1.346404895588431350e+00 1.287174510811141426e+00 1.751253543528422663e-01 1.017473494586167648e+00 3.725589244058107319e+00 4.236489080432534138e+00 -7.281504161226053817e+00
1.824821412195579695e+00 3.868286623964547477e+00 3.137502459999437221e+00 4.360771932369199355e+00 3.704124817446733609e+00 1.370238214212632144e+00 1.318264818874959499e+00 2.098976193344293251e-01 1.040607397651229116e+00 3.784030089508892303e+00 4.171145111359166435e+00 -8.119245390005332297e+00
1.824821412195579695e+00 3.818064855183040063e+00 3.101131950968889051e+00 4.328137761668919836e+00 3.654320575818163608e+00 1.282334578708002715e+00 1.197134049731898964e+00 7.036746188297941795e-02 9.234506819527856791e-01 3.719186527980747670e+00 4.162014940015450470e+00 -7.034425431599248490e+00
1.824821412195579695e+00 3.839023652526107000e+00 3.116682169835331528e+00 4.341682818231223706e+00 3.675823829284925903e+00 1.321548421884852331e+00 1.255381980515445361e+00 1.392343283044732427e-01 9.838114273888267647e-01 3.722142556258077661e+00 4.133238324309331801e+00 -8.032777465959279439e+00
1.824821412195579695e+00 3.844111521728471370e+00 3.124505422291489865e+00 4.349696215134816413e+00 3.678072249995555598e+00 1.308065119719397762e+00 1.227479577527243571e+00 1.008381858132073317e-01 9.546495141657650452e-01 3.695279102107512870e+00 4.124679676050651445e+00 -8.090929720625251065e+00
1.824821412195579695e+00 3.824471865398092252e+00 3.098800165664021389e+00 4.321941782850448277e+00 3.662359069666083489e+00 1.321796391003521531e+00 1.266305448746434470e+00 1.559070930998403826e-01 9.943325219801546488e-01 3.724332611015460426e+00 4.120165405590992869e+00 -7.636811403918119190e+00
1.824821412195579695e+00 3.841281897013408386e+00 3.114640010262342162e+00 4.338986237357758569e+00 3.676139797198217707e+00 1.328915530016517854e+00 1.267060778248434216e+00 1.529396378734876050e-01 9.984574856632437712e-01 3.758689158280370091e+00 4.182668360390684015e+00 -6.389674496767911549e+00
1.824821412195579695e+00 3.820550509999820932e+00 3.098694314695455976e+00 4.323495808031677434e+00 3.659322145214461752e+00 1.306957514665776587e+00 1.242140779993564648e+00 1.248043600961325772e-01 9.602134127158694632e-01 3.701316030771012233e+00 4.115222906718178031e+00 -7.906146928469738100e+00
1.824821412195579695e+00 3.894430812600953029e+00 3.161583942307740980e+00 4.384943446494365737e+00 3.733991134152410130e+00 1.409020873895883375e+00 1.364025962529343383e+00 2.577405205884314432e-01 1.094466609902162491e+00 3.824353953736320921e+00 4.251802615007715502e+00 -7.212420978124242765e+00
1.824821412195579695e+00 3.864142443451083153e+00 3.145102694243503194e+00 4.369286062355554279e+00 3.702679221557712452e+00 1.347278650399885924e+00 1.278499572621495828e+00 1.608383446793522076e-01 1.013630430621570655e+00 3.770433599567878602e+00 4.231015834838229850e+00 -6.744107353900711033e+00
1.824821412195579695e+00 3.852595319112536831e+00 3.120113160817055142e+00 4.339474212710326739e+00 3.687130110744186062e+00 1.363893493467279727e+00 1.320226135117190447e+00 2.151187221440819808e-01 1.046080574634800087e+00 3.793392133917965925e+00 4.193940398771367484e+00 -6.643262938942928741e+00
1.824821412195579695e+00 3.823973339217344947e+00 3.105099254576514145e+00 4.332459408387770772e+00 3.663734789981216267e+00 1.300046913747117783e+00 1.226675785588955181e+00 1.042703816679967505e-01 9.595338192949197653e-01 3.723284965274860081e+00 4.173185012085800949e+00 -8.264353642818816681e+00
1.824821412195579695e+00 3.887934258020460998e+00 3.164164693492047320e+00 4.389407921144266034e+00 3.727872090570189201e+00 1.386102924370290257e+00 1.327543975192570169e+00 2.150024288044718734e-01 1.056926129212716559e+00 3.793240602072299517e+00 4.254119382001566585e+00 -8.224727698546010046e+00
1.824821412195579695e+00 3.896779902120323769e+00 3.164131050520187838e+00 4.384687875604009299e+00 3.733873321820370350e+00 1.413438617742760250e+00 1.369867170752081531e+00 2.635471715228820400e-01 1.101044920899580726e+00 3.809947972035456321e+00 4.201995571374241401e+00 -7.992154895919751922e+00
1.824821412195579695e+00 3.864539685998935603e+00 3.144453160165276984e+00 4.369238420804141931e+00 3.701569246165999250e+00 1.346758410961657715e+00 1.276419414467023339e+00 1.524146902546685001e-01 9.922093612059303958e-01 3.777128377712376750e+00 4.226512680004159250e+00 -6.590282049446643420e+00
1.824821412195579695e+00 3.863000223286033208e+00 3.138601882469794990e+00 4.364830309881273074e+00 3.702730784661888652e+00 1.359322442146871923e+00 1.300711127192719418e+00 1.885749817156937569e-01 1.025211347136907314e+00 3.755417677412825839e+00 4.247983415409036567e+00 -7.717043044805359742e+00
1.824821412195579695e+00 3.881680780791525898e+00 3.151603439264094142e+00 4.373407999641091948e+00 3.714828468187300281e+00 1.378347032864173372e+00 1.324675970396340441e+00 2.118455526360386587e-01 1.039641429835689523e+00 3.804230203806998833e+00 4.230442198083557592e+00 -7.681786501577093418e+00
1.824821412195579695e+00 3.858528672025146822e+00 3.129740336930148192e+00 4.351188454725894772e+00 3.691138533240664543e+00 1.353314153237697992e+00 1.295787271442491839e+00 1.818502409159317157e-01 1.007162801430035781e+00 3.682820532504398336e+00 4.676374136117582125e+00 -5.810831758481402431e+00
1.824821412195579695e+00 3.906315846500282962e+00 3.174244809728854477e+00 4.396688186024233502e+00 3.749146941722407256e+00 1.435547040618136982e+00 1.398858800412632775e+00 2.979295586904402438e-01 1.128225640628820914e+00 3.855138451464449112e+00 4.269425164490848523e+00 -8.295875426427487653e+00
1.824821412195579695e+00 3.885841255781836256e+00 3.157684207497140960e+00 4.379032010114561224e+00 3.722278572514206907e+00 1.388006302562871497e+00 1.337752855323013357e+00 2.282887761792235515e-01 1.070342389109693038e+00 3.769714783814408054e+00 4.265870164469402148e+00 -8.649496186639245465e+00
1.452928863390094749e+00 3.841570378084337101e+00 3.119192079911775384e+00 4.341333974078962932e+00 3.681748963294029675e+00 1.342129074927287835e+00 1.283677437999715787e+00 1.680576919574618966e-01 1.013811546800147623e+00 3.763732265178651115e+00 4.193433248315198369e+00 -5.050863188319825170e+00
1.824821412195579695e+00 3.853612562020918730e+00 3.125470035938079594e+00 4.348507494979931387e+00 3.687456749145649137e+00 1.344035278528135535e+00 1.283734379751283683e+00 1.705533113656569344e-01 1.003763208376875715e+00 3.774441384859464232e+00 4.207770269453268597e+00 -7.360262296275515759e+00
1.824821412195579695e+00 3.865751390842377067e+00 3.143350019612882296e+00 4.369148885447461161e+00 3.699676651311878839e+00 1.338349854624564461e+00 1.264171598836291377e+00 1.385244993288711202e-01 9.776849607635703654e-01 3.753804770355319675e+00 4.220974605469756114e+00 -8.215664069484271081e+00
1.824821412195579695e+00 3.867258840764165040e+00 3.140080047769798544e+00 4.363544422968463898e+00 3.704606966818862368e+00 1.367531823256342927e+00 1.311689832129543598e+00 1.999991459086228884e-01 1.051874221224518680e+00 3.782114470923583216e+00 4.224968986551652428e+00 -6.836034644017777495e+00
1.824821412195579695e+00 3.905368392460125460e+00 3.178574962517112912e+00 4.405740589252070905e+00 3.752477562369094244e+00 1.421070014286578864e+00 1.374297477144151403e+00 2.714562349052597745e-01 1.113800038229491918e+00 3.854140438914008815e+00 4.295561800854502010e+00 -7.378590210367442559e+00
1.824821412195579695e+00 3.874043648620863589e+00 3.137841202792994721e+00 4.354556011520394065e+00 3.709851075362093464e+00 1.406144063687840395e+00 1.375283227823287380e+00 2.778932289971580150e-01 1.098578541461954217e+00 3.762661398639771448e+00 4.676374136117582125e+00 -6.945636885209700573e+00
1.824821412195579695e+00 3.834421791618269459e+00 3.118595959891830027e+00 4.346727494836000183e+00 3.671426798346494547e+00 1.293185339245256138e+00 1.208334992224927573e+00 8.053066684103268869e-02 9.433143519093716289e-01 3.720073542311095771e+00 4.185017660774515313e+00 -7.596297620988085697e+00
1.824821412195579695e+00 3.882602509391885448e+00 3.152737388602751434e+00 4.375913599889100780e+00 3.722433653964367650e+00 1.394788339130339061e+00 1.346001008251974440e+00 2.365225232422171198e-01 1.071205742738972067e+00 3.752030802922839303e+00 4.676374136117582125e+00 -7.814327997893825817e+00
1.824821412195579695e+00 3.866239672966659047e+00 3.136975860395978533e+00 4.360522591072593102e+00 3.706730804310377270e+00 1.378424781047771885e+00 1.332271466892638534e+00 2.268295003268077925e-01 1.061575891969288143e+00 3.814368150134779700e+00 4.220897767570529702e+00 -7.564829451767939972e+00
1.824821412195579695e+00 3.843719292983060143e+00 3.116920046457814841e+00 4.338862965229299817e+00 3.677631751759792955e+00 1.332378859196415410e+00 1.270558828655611761e+00 1.526704882219642456e-01 9.944274056048664212e-01 3.724445120387419816e+00 4.129201474139700068e+00 -7.867872121001181718e+00
1.824821412195579695e+00 3.826556271107340645e+00 3.097779550429017537e+00 4.319618889690939767e+00 3.667086547051800149e+00 1.337057136219543141e+00 1.292047352054394471e+00 1.869453426668282181e-01 1.024291131227022866e+00 3.756775272343350291e+00 4.177086422780931230e+00 -6.312518856868103434e+00
1.824821412195579695e+00 3.839780061605119865e+00 3.119742429219344082e+00 4.345391876895635441e+00 3.672656437224789183e+00 1.303782998545345295e+00 1.223781276623805203e+00 9.783941023423298189e-02 9.577131074377864817e-01 3.737480083357722638e+00 4.184885166368093046e+00 -7.400807954275764544e+00
1.695888847023844681e+00 3.875841998164230695e+00 3.152578957644358582e+00 4.375837304341416711e+00 3.714703643052175597e+00 1.371788069304088253e+00 1.312039459676155539e+00 1.956700648571150503e-01 1.032437152232130506e+00 3.802819198609121543e+00 4.236446955676892223e+00 -8.097605985737333256e+00
1.824821412195579695e+00 3.873402775587516444e+00 3.150684617363333828e+00 4.373441937255304168e+00 3.713383789666466317e+00 1.371264433221047074e+00 1.310679985614245702e+00 1.950777187358259668e-01 1.034560801446494205e+00 3.798336206085511257e+00 4.229935360171251268e+00 -7.258019937070200100e+00
1.824821412195579695e+00 3.837892262759442286e+00 3.105640395899424977e+00 4.328834989873575623e+00 3.675187601512199809e+00 1.346777749925966106e+00 1.303937921169219694e+00 2.011669392262472600e-01 1.032626580281309714e+00 3.764454485430409392e+00 4.146133485970559640e+00 -8.193763843337706021e+00
1.824821412195579695e+00 3.820153443387078074e+00 3.104518802172622660e+00 4.332343281989258443e+00 3.654549058414875429e+00 1.274564881447119769e+00 1.184499730537746709e+00 5.157145448143182070e-02 8.893001195330209052e-01 3.698517511472133368e+00 4.175839956831014277e+00 -6.993077603036740975e+00
1.824821412195579695e+00 3.861833571017742717e+00 3.133183334033124545e+00 4.354865022203788349e+00 3.696658252691716662e+00 1.355337685140884263e+00 1.300121590754603762e+00 1.889327818577680451e-01 1.035212569328073151e+00 3.772524500492709265e+00 4.208901496406902254e+00 -7.586461921061053992e+00
1.824821412195579695e+00 3.867370558600404795e+00 3.141271985136030231e+00 4.363659838886246867e+00 3.701834891020104656e+00 1.358114510396320140e+00 1.296163009018186818e+00 1.801148152495017640e-01 1.015133973216905572e+00 3.789070261668830319e+00 4.210093026895317614e+00 -7.251514230203996547e+00
1.824821412195579695e+00 3.896309605287354483e+00 3.166910039421668266e+00 4.389602457148639836e+00 3.725818228180115543e+00 1.380995652692611930e+00 1.319746028493327117e+00 2.015372418787654274e-01 1.046108902651934569e+00 3.797606878440310307e+00 4.225528806427970352e+00 -7.766245514215011525e+00
1.824821412195579695e+00 3.864615071658831891e+00 3.152495594397087153e+00 4.380504142736324269e+00 3.702707463801578669e+00 1.327907010547448419e+00 1.240894186020378154e+00 1.075654372845170764e-01 9.554616070018524532e-01 3.660020334082601856e+00 4.676374136117582125e+00 -6.912584571049641191e+00
1.824821412195579695e+00 3.862517460602120867e+00 3.133010682835626781e+00 4.352542780926521360e+00 3.702753981624077539e+00 1.383294386165795586e+00 1.342212981501049285e+00 2.395045941786965171e-01 1.068804191005882753e+00 3.788788961214550000e+00 4.218664853797884362e+00 -8.304718265540962818e+00
1.824821412195579695e+00 3.869019244722520234e+00 3.144843627297050137e+00 4.370900857165227471e+00 3.706173460465754577e+00 1.355547500536816941e+00 1.290051978503238939e+00 1.739250782356711600e-01 1.005129769483898761e+00 3.797437940524905464e+00 4.226734372093402747e+00 -7.125201905861975327e+00
1.824821412195579695e+00 3.896831692664330049e+00 3.166403941804325051e+00 4.388646770213403769e+00 3.742893650778502224e+00 1.429030156075151936e+00 1.391340068777647376e+00 2.908189737064053593e-01 1.126495642963221799e+00 3.853736207405597192e+00 4.275687518810581622e+00 -7.945972805250578475e+00
1.824821412195579695e+00 3.836711493350654312e+00 3.116768865011946499e+00 4.347518768878886775e+00 3.669282650712524685e+00 1.281412944725104364e+00 1.188762785723152637e+00 5.212197948373287204e-02 8.976923437163688568e-01 3.745254620658494460e+00 4.181857888961833858e+00 -8.167448041557543448e+00
1.824821412195579695e+00 3.813510711428988120e+00 3.087576560214592813e+00 4.310713897002724337e+00 3.646205918467747775e+00 1.293505143273160574e+00 1.229430394224454659e+00 1.102695776423513324e-01 9.362430247733951605e-01 3.724077922343008051e+00 4.142045031013656065e+00 -6.845797521276465680e+00
1.824821412195579695e+00 3.899532430390760140e+00 3.162683827605824227e+00 4.384782537487628140e+00 3.736297006435021384e+00 1.420165351419642841e+00 1.380383243258326287e+00 2.791957984957668670e-01 1.104228379445679087e+00 3.811306226886031823e+00 4.205830980867184543e+00 -8.187982441028870184e+00
1.824821412195579695e+00 3.859380769848418158e+00 3.132232679338752046e+00 4.356805845249152931e+00 3.692195115311070808e+00 1.344314345204881578e+00 1.281670740758077853e+00 1.675725885316675934e-01 1.010029304866686628e+00 3.742414231935718760e+00 4.152224600822314038e+00 -7.529404485079785658e+00
1.824821412195579695e+00 3.829947972053697747e+00 3.107825637051827794e+00 4.336120181233690474e+00 3.667752875533303314e+00 1.302203535164171866e+00 1.228422405485568358e+00 1.061595073143133117e-01 9.350270816991785860e-01 3.656873828021995898e+00 4.676374136117582125e+00 -7.667817492367070109e+00
1.824821412195579695e+00 3.842520764511049514e+00 3.117873358681870766e+00 4.341868600807755385e+00 3.678878498992120605e+00 1.331808919560625526e+00 1.269085131020099011e+00 1.531590380464461498e-01 9.708075071784276755e-01 3.649920338732457470e+00 4.676374136117582125e+00 -8.246364646013388366e+00
1.824821412195579695e+00 3.903452069018683357e+00 3.164855458697917623e+00 4.387874977328983128e+00 3.738577732857317759e+00 1.420524247519462824e+00 1.378911810122170012e+00 2.756443037418193631e-01 1.102948892909842327e+00 3.814954336248869815e+00 4.210716644172085132e+00 -7.495405823551257285e+00
1.824821412195579695e+00 3.859434269864022937e+00 3.123567609591181959e+00 4.341767263679783717e+00 3.695415749661808302e+00 1.385701360051826203e+00 1.353427097496628928e+00 2.562596281934799713e-01 1.082104253558507256e+00 3.748676201658235563e+00 4.676374136117582125e+00 -6.765238447128584909e+00
1.824821412195579695e+00 3.866540517828043644e+00 3.136119612684125091e+00 4.359329056269773517e+00 3.705206562793854186e+00 1.375900217407012516e+00 1.330001551622377098e+00 2.259167185379876708e-01 1.059416360871294094e+00 3.764569492148434282e+00 4.257338276644528463e+00 -5.819296928028828475e+00
1.824821412195579695e+00 3.862704994239339662e+00 3.131220025255757378e+00 4.353386611312905607e+00 3.699888720320840374e+00 1.369249018400881202e+00 1.319808635039577460e+00 2.114073039459463121e-01 1.046192652877285356e+00 3.772426199899485688e+00 4.220106470917867725e+00 -8.323252197823647336e+00
1.824821412195579695e+00 3.852803911229372158e+00 3.123841204173070984e+00 4.346841842092900698e+00 3.684733969716526225e+00 1.337226651290627233e+00 1.275134701325481679e+00 1.556775362797596929e-01 9.988268875794620305e-01 3.730212662128338241e+00 4.133314097298629974e+00 -6.335627838691366698e+00
1.824821412195579695e+00 3.782346160456828255e+00 3.069456815282269879e+00 4.293962436421391082e+00 3.614681759290851559e+00 1.225341288659736350e+00 1.131865875576009151e+00 -1.563250184934754979e-03 8.672412261690435331e-01 3.650023977716327916e+00 4.117511004445643330e+00 -6.245835511331526924e+00
1.824821412195579695e+00 3.858038800445670269e+00 3.131949964349588278e+00 4.355347325111576851e+00 3.689804988857388501e+00 1.340388041580209855e+00 1.279134122820113628e+00 1.626107124870221354e-01 1.010090170479507110e+00 3.744592497706501710e+00 4.145480117001119957e+00 -7.702254067772805080e+00
1.824821412195579695e+00 3.885778220827550200e+00 3.160096078025168342e+00 4.382595127228974263e+00 3.722856102010997148e+00 1.383161923844060448e+00 1.325063565378039598e+00 2.104471000073854514e-01 1.053886379540608154e+00 3.732143596125040208e+00 4.676374136117582125e+00 -7.811016212056550501e+00
1.824821412195579695e+00 3.830716569117766923e+00 3.111141084154324776e+00 4.335181026280403138e+00 3.670948768259391315e+00 1.319913892352910123e+00 1.254141095464559319e+00 1.364152332965962999e-01 9.773305140903213450e-01 3.728315159498508891e+00 4.127253370231621865e+00 -7.825264907364010369e+00
1.824821412195579695e+00 3.860191937723636002e+00 3.141888909806949570e+00 4.368397221582343448e+00 3.697486493360914395e+00 1.331203574493936559e+00 1.255820185690697643e+00 1.336930898480620800e-01 9.881923269647214791e-01 3.741403583590770854e+00 4.232007360559530973e+00 -6.678844131470767387e+00
1.824821412195579695e+00 3.858162662028029821e+00 3.138350631443943772e+00 4.363940886296628463e+00 3.698614104251551016e+00 1.343043588854863302e+00 1.278886056351320688e+00 1.641477802419319398e-01 1.014589909588843541e+00 3.752120578464881895e+00 4.155264069347019529e+00 -7.095161895622553061e+00
1.824821412195579695e+00 3.851963857616563125e+00 3.132375355428253183e+00 4.358379811326837938e+00 3.689911595634987052e+00 1.332795067448573345e+00 1.259978166935171062e+00 1.384704543796925758e-01 9.858392049402783242e-01 3.768286314525794545e+00 4.204054747906034173e+00 -7.525898949231716983e+00
1.824821412195579695e+00 3.849959851496778107e+00 3.128445110348346603e+00 4.353530152088246119e+00 3.690665655693571523e+00 1.340938587839377139e+00 1.277967985671187856e+00 1.603953289362986534e-01 1.023725661853475799e+00 3.739947191426322259e+00 4.147737719830002057e+00 -7.737856749200515694e+00
1.824821412195579695e+00 3.861641042189091433e+00 3.136677772535260367e+00 4.361251095448057669e+00 3.702069703514948351e+00 1.359726608738554443e+00 1.300160367834118258e+00 1.862372607744577635e-01 1.036441174244414398e+00 3.772744217428657176e+00 4.230593728768752726e+00 -6.279763188041702193e+00
1.824821412195579695e+00 3.851847647547585130e+00 3.127662228383674581e+00 4.350743120506998629e+00 3.694865738653143605e+00 1.361336522320985010e+00 1.309759098166843216e+00 2.007634162639905240e-01 1.033432197234980032e+00 3.791569873711192251e+00 4.221668144290888769e+00 -6.184297085398301697e+00
1.824821412195579695e+00 3.870899468694515289e+00 3.145417422961531706e+00 4.370514717765757062e+00 3.708682389453695549e+00 1.364320315230188152e+00 1.303633739192871843e+00 1.878420183106928876e-01 1.042319977417166976e+00 3.738047999970407709e+00 4.251064296751374094e+00 -7.790558010458003224e+00
1.824821412195579695e+00 3.872958902319346919e+00 3.142152256253464504e+00 4.363431965767158971e+00 3.714923230521907094e+00 1.396996323207026158e+00 1.357617430482849219e+00 2.568648513653968846e-01 1.082252141794420197e+00 3.820028648544497862e+00 4.235917286044546870e+00 -6.868906651378098083e+00
1.824821412195579695e+00 3.868258606002791478e+00 3.143029180940300371e+00 4.366426773710824882e+00 3.703846693819212721e+00 1.354085681422774634e+00 1.291575098269054145e+00 1.758635481558655234e-01 1.001266028795211316e+00 3.798620200737129693e+00 4.224058072901275551e+00 -6.453369512133223296e+00
1.824821412195579695e+00 3.854669962167120545e+00 3.129055681665534383e+00 4.355788933063382551e+00 3.694020089525346329e+00 1.345136855257298203e+00 1.281793484416052342e+00 1.643851162464205762e-01 9.997187438034257356e-01 3.754644227318133520e+00 4.218946663009881526e+00 -6.651539295002638852e+00
1.824821412195579695e+00 3.894096571536254103e+00 3.167404341833268244e+00 4.392662902269288239e+00 3.733535104687004669e+00 1.396484659557489794e+00 1.337971320038526590e+00 2.246500717118590507e-01 1.069863751373282934e+00 3.810107585122178619e+00 4.253682203525613659e+00 -7.284068268253179212e+00
1.824821412195579695e+00 3.843872413734903848e+00 3.120758096425602535e+00 4.346451294586944236e+00 3.681429903854301244e+00 1.326982012961160917e+00 1.260342189174081362e+00 1.444755231532633410e-01 9.845685995018390591e-01 3.702964138856122300e+00 4.222381601383182748e+00 -7.103082596523920600e+00
1.824821412195579695e+00 3.901403487722616692e+00 3.171548475188153304e+00 4.396221298444088710e+00 3.737617572504707386e+00 1.399124910818751344e+00 1.344553456198090968e+00 2.343058977202935045e-01 1.064695615046394650e+00 3.833170862532681245e+00 4.258847805077891735e+00 -7.939283784652181986e+00
1.824821412195579695e+00 3.852481653853594867e+00 3.128378766028949265e+00 4.353521055847167531e+00 3.690298417149987742e+00 1.341507778617143432e+00 1.277340937421850731e+00 1.594062292507234246e-01 9.820401785223594748e-01 3.665959076930802585e+00 4.676374136117582125e+00 -7.823852611613329344e+00
1.824821412195579695e+00 3.880910061504540209e+00 3.148767083548525747e+00 4.369025366224055240e+00 3.718251922428765344e+00 1.400615724323257094e+00 1.361061499751634152e+00 2.587902459153499923e-01 1.096258450127860717e+00 3.784951272867075112e+00 4.271377680635465524e+00 -5.934738009555116989e+00
1.824821412195579695e+00 3.855602186514007101e+00 3.133349247064139309e+00 4.358908272721278010e+00 3.693765763699257576e+00 1.341040380232770390e+00 1.279250651540541961e+00 1.621550905402990017e-01 1.018967849849669927e+00 3.757950729810954016e+00 4.148885293005905694e+00 -6.980892835220354087e+00
1.824821412195579695e+00 3.846493799999717744e+00 3.116658709822583528e+00 4.337742319078483177e+00 3.682255731582338765e+00 1.351935762208278380e+00 1.305300862135684747e+00 2.009880635302611074e-01 1.038815196813139607e+00 3.773030905930274681e+00 4.193072874902775027e+00 -7.222522939277944865e+00
1.824821412195579695e+00 3.867539727547028239e+00 3.141867137770767204e+00 4.365866503945176724e+00 3.706784313370243833e+00 1.366920384111081299e+00 1.311240095873623446e+00 1.972959667412294005e-01 1.052048756515550743e+00 3.770059718630725865e+00 4.168254233024805799e+00 -7.480661089185163704e+00
1.824821412195579695e+00 3.861160512657425770e+00 3.137226385603094858e+00 4.361524442368610366e+00 3.698610053086865523e+00 1.351148480194237278e+00 1.289557982543011017e+00 1.733759394414358668e-01 1.028609599407394271e+00 3.777607727931252768e+00 4.209014490234951111e+00 -6.603286951476969868e+00
1.824821412195579695e+00 3.876830295988562991e+00 3.140848921598567767e+00 4.359401353626452646e+00 3.712993831987192905e+00 1.400733668606280347e+00 1.364570213846988400e+00 2.643646687960460318e-01 1.096029406769627679e+00 3.783711819379206531e+00 4.267188335916365816e+00 -8.688765835257198589e+00
1.824821412195579695e+00 3.852682905437297300e+00 3.122468815021127941e+00 4.346300214275322205e+00 3.687512809866598129e+00 1.348961214256437779e+00 1.293285574811566807e+00 1.820429088045862065e-01 1.029619786387753644e+00 3.747628590337149568e+00 4.150247012110594547e+00 -6.827309693665169377e+00
1.824821412195579695e+00 3.858448080661786239e+00 3.138642280704521337e+00 4.366582369851031764e+00 3.689216930936818795e+00 1.309594388055903336e+00 1.221506430144202238e+00 8.942435926507173727e-02 9.409910363277526058e-01 3.709107803811467985e+00 4.127394865274838232e+00 -7.586193665676193909e+00
1.824821412195579695e+00 3.864740877716015266e+00 3.130791287905163145e+00 4.355049726152703471e+00 3.703102961112322511e+00 1.378005618182229552e+00 1.334073467847140648e+00 2.286781407554733803e-01 1.058702931178189033e+00 3.746408158853670844e+00 4.676374136117582125e+00 -7.118369204918941762e+00
1.824821412195579695e+00 3.838602515373566337e+00 3.123056956853023980e+00 4.348641924414250681e+00 3.664481198366673631e+00 1.264998533523114643e+00 1.172848380791285727e+00 3.328695961461675817e-02 8.611891128761435255e-01 3.723806060481473779e+00 4.096399469253358738e+00 -7.534926040562292648e+00
1.824821412195579695e+00 3.837959468693274090e+00 3.108987228547419157e+00 4.333626454165450781e+00 3.676357790523682834e+00 1.333474112404080092e+00 1.279315333379025921e+00 1.677461201678942526e-01 1.019635176147579703e+00 3.761197012980316945e+00 4.185003315685708714e+00 -7.958824835425952315e+00
1.824821412195579695e+00 3.865017385106826797e+00 3.133020529895313100e+00 4.355996912462168247e+00 3.700683064913107501e+00 1.367465319089279152e+00 1.317965596929312477e+00 2.096569060406804352e-01 1.051123312088500406e+00 3.789846304450045889e+00 4.212473828482020899e+00 -7.928473868906013244e+00
1.824821412195579695e+00 3.869066951269998889e+00 3.138216581764422308e+00 4.359861018124193244e+00 3.706134432579120563e+00 1.378975700004487104e+00 1.329821239792116083e+00 2.200805074410280004e-01 1.050795922604039090e+00 3.786629835647093767e+00 4.170553979457626959e+00 -7.141632069176178099e+00
1.824821412195579695e+00 3.885026202888497870e+00 3.158200873397085662e+00 4.380597585824067330e+00 3.723315336426148203e+00 1.391819326953216196e+00 1.341868698404218296e+00 2.329028442441371805e-01 1.073000747244168718e+00 3.799016737229501839e+00 4.191249048966345647e+00 -7.898163950495266761e+00
1.824821412195579695e+00 3.861552002186329435e+00 3.137331692208509715e+00 4.359401303631318392e+00 3.700253339266658337e+00 1.357567666932666173e+00 1.297461356356470086e+00 1.805052230313228812e-01 1.024661094160906671e+00 3.776621546814394659e+00 4.212392732123911188e+00 -6.815411355440892827e+00
1.824821412195579695e+00 3.837390067734022470e+00 3.111604229136755162e+00 4.335550455019422600e+00 3.677673999986784459e+00 1.341544348249640084e+00 1.289342439076266889e+00 1.802801481933423988e-01 1.006386743142514417e+00 3.778408512446752354e+00 4.192003110450316150e+00 -7.300265513620717073e+00
1.824821412195579695e+00 3.865693039889591009e+00 3.129852753429294587e+00 4.349122300173064559e+00 3.698658390800162898e+00 1.381296152519158271e+00 1.339129619417276817e+00 2.311230115132427709e-01 1.056499164087921994e+00 3.787257815579633036e+00 4.188511631316017336e+00 -5.891710025800215966e+00
1.824821412195579695e+00 3.858732916244792310e+00 3.141414117589163446e+00 4.370966609386563562e+00 3.700709278156524284e+00 1.330453382402666307e+00 1.255890401817725488e+00 1.354611676085995531e-01 9.815602846147826188e-01 3.714412566320640430e+00 4.232235517970747374e+00 -7.383928355816433253e+00
1.824821412195579695e+00 3.894899172192626935e+00 3.153842321383716119e+00 4.370993820590317824e+00 3.734673995808831304e+00 1.446598503756519438e+00 1.426027060711976713e+00 3.357624006030228148e-01 1.157955079563745882e+00 3.852873419938414479e+00 4.244434465653511346e+00 -7.487339274485745655e+00
1.824821412195579695e+00 3.865988237456180254e+00 3.147537365156278355e+00 4.373492474909999039e+00 3.703030253093472446e+00 1.341697478764311446e+00 1.272337174571463336e+00 1.519105059684330294e-01 1.004547207873300430e+00 3.762925987313385789e+00 4.226361223130087552e+00 -6.987143227010008673e+00
1.824821412195579695e+00 3.864544817506560648e+00 3.131706874800677554e+00 4.352377925480499954e+00 3.706199417795122297e+00 1.395715353231030242e+00 1.362994583937472415e+00 2.677183826780284437e-01 1.095472527553412290e+00 3.784180496274729411e+00 4.263419519475412756e+00 -6.669279942736827671e+00
1.824821412195579695e+00 3.879344869152796971e+00 3.149736289064746231e+00 4.372641928222424035e+00 3.720022747549292408e+00 1.391674587242991423e+00 1.346265606527151881e+00 2.413546661493833068e-01 1.083532611667238132e+00 3.813133857677001970e+00 4.244991082977184860e+00 -6.976920748788736582e+00
1.824821412195579695e+00 3.854891598757988813e+00 3.124077578565476188e+00 4.344902689919037719e+00 3.683898094704045167e+00 1.344567727655042289e+00 1.287648915953631290e+00 1.711289640987778138e-01 1.016024050165872605e+00 3.738833377176180139e+00 4.125026909904526029e+00 -5.598246619003387714e+00
1.824821412195579695e+00 3.848036306822588237e+00 3.126832698625343632e+00 4.352516928036361143e+00 3.682122723649961404e+00 1.318741441683719318e+00 1.247277272524008440e+00 1.250119088246819110e-01 9.779271961839260952e-01 3.748258639808497605e+00 4.206588468725265706e+00 -7.631882829856628803e+00
1.824821412195579695e+00 3.835178177229600749e+00 3.111867203154151440e+00 4.337953045283772013e+00 3.671678380798777841e+00 1.314625340130604503e+00 1.244429585252434300e+00 1.233284083737432174e-01 9.686856014329087161e-01 3.724227994945499720e+00 4.183823536990676217e+00 -6.945924331151695164e+00
1.824821412195579695e+00 3.823518329245775060e+00 3.104061328473977088e+00 4.327915358107670585e+00 3.659749683899334194e+00 1.301179709212318736e+00 1.231074982442324162e+00 1.140131115056987610e-01 9.622296315147901291e-01 3.695826367040345950e+00 4.112973531209186184e+00 -7.126010681775303723e+00
1.824821412195579695e+00 3.809224435002246167e+00 3.092354191179366829e+00 4.317558865934795875e+00 3.647287746956537013e+00 1.281931663349229700e+00 1.206837038023527153e+00 8.545705370846383431e-02 9.343158591956790548e-01 3.703797883444218897e+00 4.154516562428844040e+00 -7.972206674051697917e+00
1.824821412195579695e+00 3.853923398058875627e+00 3.127131992533219051e+00 4.349758028297221912e+00 3.691095008560908663e+00 1.348804528172209860e+00 1.292623567451998579e+00 1.790463687760685263e-01 1.023897991558323950e+00 3.747448320975892866e+00 4.149561049685885017e+00 -7.792085081847175410e+00
1.824821412195579695e+00 3.856602844765053995e+00 3.136186818778133212e+00 4.363651590432666261e+00 3.690852688971955065e+00 1.319346384451286935e+00 1.240627838148961271e+00 1.128400682989943865e-01 9.794779425195486722e-01 3.754286247200423698e+00 4.210697005260250592e+00 -7.422548840393472958e+00
1.824821412195579695e+00 3.882239806739373744e+00 3.152581403196720977e+00 4.375187904337426659e+00 3.721021237825554273e+00 1.392366509845768263e+00 1.343836122694880952e+00 2.354114048916215451e-01 1.053454787390285752e+00 3.739724935799188632e+00 4.676374136117582125e+00 -7.453113629703606691e+00
1.824821412195579695e+00 3.878356734168901809e+00 3.149205522846723504e+00 4.371693680826810535e+00 3.718441506813620734e+00 1.392158623903990478e+00 1.345807135474134775e+00 2.410346864903913089e-01 1.076538288542257638e+00 3.779815261260476511e+00 4.187577813259257375e+00 -7.637236089239398673e+00
1.824821412195579695e+00 3.839635296750419258e+00 3.114828846258008710e+00 4.340094455385987260e+00 3.677080967573017833e+00 1.326763474417642641e+00 1.265280340363004186e+00 1.520558431266887667e-01 9.886776549163002192e-01 3.717603417795547038e+00 4.220497266177158480e+00 -7.087256714234945854e+00
1.824821412195579695e+00 3.857170133319780092e+00 3.130912661156973531e+00 4.354055075268759012e+00 3.696957316586871212e+00 1.356107617233881513e+00 1.300944780635804321e+00 1.856850942217962985e-01 1.021676471317405133e+00 3.792239462792809324e+00 4.209744500024671154e+00 -6.811474313953749693e+00
1.824821412195579695e+00 3.875604189230588581e+00 3.160404389390587543e+00 4.390968304034406522e+00 3.710647611946865432e+00 1.329861953480032888e+00 1.237871472074702384e+00 1.002010733644927987e-01 9.522480017787251505e-01 3.652401798358637208e+00 4.676374136117582125e+00 -7.639679108737127855e+00
1.824821412195579695e+00 3.898949756525517341e+00 3.161038974468765250e+00 4.380267905057976030e+00 3.740802217421859588e+00 1.443848117406615339e+00 1.418045502260295798e+00 3.237067498620638251e-01 1.150791555623214890e+00 3.816987708630904752e+00 4.676374136117582125e+00 -7.076052636260434348e+00
1.824821412195579695e+00 3.873700624317534924e+00 3.142626929903002075e+00 4.364859375240961903e+00 3.714013962948119030e+00 1.392757566925100887e+00 1.352305026197328841e+00 2.516782444036295696e-01 1.082333344666461583e+00 3.814549013237782393e+00 4.233637921769507706e+00 -7.654368996741369280e+00
1.824821412195579695e+00 3.879015201723565731e+00 3.139447661540180956e+00 4.357230718658106738e+00 3.711968359193606126e+00 1.405466737265673061e+00 1.374704051448889519e+00 2.791190826547182424e-01 1.105057051821638270e+00 3.821680521044085843e+00 4.217564165507974749e+00 -6.545111112338299009e+00
1.824821412195579695e+00 3.863655965081862043e+00 3.137015620089286028e+00 4.359462770087227490e+00 3.705785920587204796e+00 1.378360575630023455e+00 1.331724215984401383e+00 2.249303361946763669e-01 1.069940317926534101e+00 3.783440106342608633e+00 4.223236496976956467e+00 -6.875474570054627144e+00
1.824821412195579695e+00 3.847772577648655989e+00 3.129579765663311530e+00 4.357881695660578814e+00 3.683610459853362329e+00 1.315778394830424025e+00 1.234135999840973330e+00 1.102382871718920743e-01 9.671515750672007306e-01 3.743797797080114176e+00 4.200665347641597158e+00 -8.014631077780155266e+00
1.824821412195579695e+00 3.820662900289709007e+00 3.108544888597472244e+00 4.335922654023912415e+00 3.658740605744581931e+00 1.275907434212157687e+00 1.185084270551852059e+00 5.486354150950935316e-02 9.039479817274832518e-01 3.606659918124576425e+00 4.676374136117582125e+00 -7.300977015010242432e+00
1.824821412195579695e+00 3.842543812265657888e+00 3.116628079699898191e+00 4.339020866001541243e+00 3.682449994375180502e+00 1.343094213009833782e+00 1.289484280020342322e+00 1.801140668567761394e-01 1.001380787983441323e+00 3.687458695512368489e+00 4.676374136117582125e+00 -6.704158375075591536e+00
1.824821412195579695e+00 3.836379420113133154e+00 3.107644761808501244e+00 4.329308195868008191e+00 3.672713963507700630e+00 1.336846807640735602e+00 1.285426884340136189e+00 1.749263341460719767e-01 1.011540531601580861e+00 3.736953850952569933e+00 4.131457941492127972e+00 -7.745908898604265680e+00
1.824821412195579695e+00 3.838711614316656195e+00 3.118585437714678665e+00 4.343077253129993487e+00 3.677230364190796852e+00 1.318480036509944942e+00 1.251324711374115051e+00 1.323776482546235311e-01 9.756981641937479965e-01 3.729479848469612335e+00 4.198293395242359338e+00 -7.599939107394446225e+00
1.824821412195579695e+00 3.882254839413108005e+00 3.145370942538395553e+00 4.366491137892774432e+00 3.718865375058834744e+00 1.405655231981113751e+00 1.369334575509514762e+00 2.700377642042113835e-01 1.100524375491671369e+00 3.787979864945345554e+00 4.272785793906038521e+00 -7.688268379564546784e+00
1.824821412195579695e+00 3.810083077685684216e+00 3.097762625384172797e+00 4.325800453002814905e+00 3.648597647169931069e+00 1.266665904471447224e+00 1.172828841941303102e+00 4.181275250186849285e-02 9.043876445772347505e-01 3.699176784948413399e+00 4.159751573274275138e+00 -6.918638246008607773e+00
1.824821412195579695e+00 3.898372672664112581e+00 3.160841146460419804e+00 4.380762982965785035e+00 3.734279620480485562e+00 1.421638663158873328e+00 1.384876549623070163e+00 2.844150956592297885e-01 1.115930344261645946e+00 3.817899048685303054e+00 4.209965506684747893e+00 -8.287127956320651023e+00
1.824821412195579695e+00 3.859102565639461524e+00 3.131954292238273485e+00 4.356443350857885477e+00 3.688178604305429431e+00 1.327184554745402201e+00 1.252360377363510358e+00 1.306737361085773541e-01 9.625979750513999900e-01 3.669425062233962809e+00 4.676374136117582125e+00 -8.508446412171682738e+00
1.824821412195579695e+00 3.852499906012759823e+00 3.135717281987345117e+00 4.363935287447368694e+00 3.687823307498778291e+00 1.309549812052815509e+00 1.223756023482116095e+00 9.162334658305040791e-02 9.412207264136470686e-01 3.651256677478984081e+00 4.676374136117582125e+00 -7.197541852810300789e+00
1.824821412195579695e+00 3.875553483841736480e+00 3.155633034821028637e+00 4.382229583939513340e+00 3.713391285500326155e+00 1.356270354386384991e+00 1.283546211607352383e+00 1.592269207967037803e-01 1.004178775064672902e+00 3.794479895616668763e+00 4.229691077859100368e+00 -5.589872894646013002e+00
1.824821412195579695e+00 3.807275123402401817e+00 3.088702321764144720e+00 4.316342781203910128e+00 3.642271069830131491e+00 1.266266339926774842e+00 1.185016676826038617e+00 5.560979369687686635e-02 9.067412232282311413e-01 3.600513824479354863e+00 4.676374136117582125e+00 -6.987375767260567194e+00
1.824821412195579695e+00 3.874771298278445020e+00 3.148971166815620837e+00 4.376880366448660631e+00 3.710721543877939066e+00 1.354740153552717485e+00 1.285258706569206266e+00 1.656887911381428879e-01 9.967352763136709815e-01 3.679475296264272277e+00 4.676374136117582125e+00 -7.099114397629712414e+00
1.824821412195579695e+00 3.908297845698957662e+00 3.175991531323445471e+00 4.397296062600142719e+00 3.739635623423495314e+00 1.408467414054121125e+00 1.353530639601584706e+00 2.397793884667952236e-01 1.068010062016006012e+00 3.823975621773388234e+00 4.239589925095971878e+00 -6.887749801564720720e+00
1.824821412195579695e+00 3.912679199898776439e+00 3.180287229664565452e+00 4.403116042074409542e+00 3.753072054823618942e+00 1.432167977710096629e+00 1.389226490735929964e+00 2.833499530631753971e-01 1.128612192141213333e+00 3.854273387161344377e+00 4.274319081855243674e+00 -7.382821512104734474e+00
1.824821412195579695e+00 3.851387139314186303e+00 3.131471526583508247e+00 4.359250885179500656e+00 3.689217048814956268e+00 1.325690324518565610e+00 1.249975484740569964e+00 1.263361485591821265e-01 9.834199252907783739e-01 3.757521905844997345e+00 4.205447890111686071e+00 -7.933667998558763479e+00
